timestamp,v1,v2,v3
1655366353.9070406,4.216893299762084,2.210878764115786,8.054611236506112
1655366353.9618278,7.2043097654268875,0.45432076163532065,6.997517498251524
1655366354.0139072,8.40164484387118,3.8913692822198067,2.4525801110771828
1655366354.0644865,3.269735645833757,2.3650089829342824,9.53731624655839
1655366354.116094,6.427711162544992,7.802055844175642,9.898875444306753
1655366354.176119,6.84996572227572,1.9115914488042651,3.053155598529038
1655366354.2271912,6.1929834004050495,2.6239309907466812,5.2336717277070335
1655366354.277975,4.7472381778672466,9.630519696120865,7.785129119485089
1655366354.3304894,0.7122891966072631,3.493001343338966,6.626672844025913
1655366354.3810296,0.37938985668631187,4.1795339380166325,6.292482293915896
1655366354.4320195,8.766820962165562,0.45101990482050436,0.9366673935181691
1655366354.4828074,4.594503740368996,5.902805375837827,2.11931428451394
1655366354.53328,1.407423024399258,5.966764061338685,0.21093406218855804
1655366354.5857122,7.772765539506747,9.303942568969452,3.257871146139636
1655366354.636863,5.89672833078371,7.486010559326437,8.13627251334456
1655366354.6878889,9.677815674647364,7.497813328568857,6.074268784669286
1655366354.7386496,4.228829033143457,5.3445572750587065,2.526879409345483
1655366354.7888904,7.561329336126469,9.099453521484666,6.869559694148637
1655366354.8428848,7.24959712544122,9.700268775546974,7.148958860440558
1655366354.8945036,7.974624117396192,6.739716780835505,8.263684097445166
1655366354.9467888,1.7239119084619503,9.116714276800263,9.028936043640686
1655366354.998423,4.038064243036624,2.422283834777753,2.054303491184686
1655366355.0494893,3.4059745585417103,8.87338119343205,0.7546165568179131
1655366355.1016335,6.140242927461196,4.745710569002663,1.431571933398278
1655366355.1520896,3.5928888817873883,1.402499309928924,0.14275293265881728
1655366355.2336006,8.643433493988196,5.812783777309583,8.071591590738196
1655366355.2990122,4.5639446862083215,2.6497737502172547,8.964240892340769
1655366355.3501697,9.357139258550612,5.093418224851872,5.224073907903434
1655366355.4019642,7.149936834479008,3.766653790405802,3.115294775557559
1655366355.4547012,6.691825193083608,9.98895891733263,4.680516602387739
1655366355.5050745,6.890874830687813,9.159461096408783,1.942245538690348
1655366355.5561152,6.0014170519349275,5.1086277730297045,1.633722484251684
1655366355.608215,5.753608298187803,6.946980051497532,5.1381099621691835
1655366355.6597593,8.941882142792194,6.929131551219761,4.964399172757235
1655366355.7112527,2.04415045059416,7.610168502842005,2.7595466747135666
1655366355.7654772,1.6835564723089846,8.458038897293445,1.285840427896242
1655366355.8183584,0.11340679072824877,9.545558424255363,7.061837039596979
1655366355.8724756,7.033207980762578,3.4314853332062656,9.060210095964349
1655366355.9265776,3.9780905190448292,6.563991087061226,9.812769555469051
1655366355.977589,4.946534705978019,1.023533669083525,4.169623325853983
1655366356.0288694,0.8284132014126688,6.533105813617204,8.616454846939464
1655366356.0829358,6.926388598150892,9.378643456014638,1.1320861840335295
1655366356.1357148,2.5416500774539905,2.0872509334615863,8.213868884581915
1655366356.1874259,9.609181339466954,5.263143526731076,5.981123321241187
1655366356.23793,2.7837654340283335,6.59749348930248,8.327058246901185
1655366356.290054,4.315775133432952,9.116783624845532,9.658341390245996
1655366356.342568,0.9761062288151312,7.3733217359987835,4.1906389470582015
1655366356.393518,0.5744698742078724,2.792725827201167,5.68625451968113
1655366356.4456518,4.788535557523086,1.0557729643955627,3.4997824103185424
1655366356.4960792,8.692260647692006,7.105005752151989,3.060759687026705
1655366356.546388,8.520792259544619,0.9824791282617584,2.930977211452955
1655366356.5974345,7.534642425092843,1.154322990657377,9.895481877156582
1655366356.6482456,4.069156601708843,4.434942046116927,7.200881106385321
1655366356.6991007,5.24160614146818,8.64461265942592,8.048620400473471
1655366356.7497141,7.926744484374369,6.049791044937404,2.0884344464100915
1655366356.7999103,5.1906001492705665,6.841958200672249,4.011802177509085
1655366356.851134,3.815334538450703,5.125077648695619,5.771297794664495
1655366356.9017317,7.695473966989517,0.47339348260860503,8.49008176990367
1655366356.952753,7.179884425922449,8.149460532539706,5.349281548261461
1655366357.003619,4.154448530860862,3.9071228965583424,5.372530101691659
1655366357.0541265,9.302403062472479,2.942809739635063,9.091207764859888
1655366357.1043353,4.505515295575523,5.447847477971247,0.15108756892032282
1655366357.155292,4.339816760419937,8.280365950338355,1.955057397825254
1655366357.205778,9.73366293081488,2.497291355767244,0.3517300622658148
1655366357.2559905,2.254176440959279,3.191453981314588,8.072871204114936
1655366357.3069205,3.72101397424582,8.346016395072215,3.946748997724577
1655366357.357927,9.129260307952833,3.3544266080839105,4.763348181368339
1655366357.4083188,0.5402286052412275,2.9726022703646873,3.0394196855779168
1655366357.4588237,1.5415135792300316,9.609194690325873,4.481001200688462
1655366357.5099013,5.326987404700123,1.3015353311782563,8.035491339396808
1655366357.560379,3.5271495569966493,6.754195183786602,6.23089360232756
1655366357.6116405,2.048982710931131,2.997812764278703,5.014911038274504
1655366357.6622696,5.4957196518926175,6.253287896047285,5.42375678498475
1655366357.7132597,1.80809911873679,3.5878897210727656,2.1362628856150803
1655366357.7642107,7.685606976320254,4.52533190981529,0.41340165271077756
1655366357.8146327,7.30744689725503,3.0569234652919475,1.265398170133818
1655366357.8651416,2.139893691798199,5.791221234484558,2.028821441344164
1655366357.9157908,7.5495331131734496,8.4519491004166,4.438301383233698
1655366357.9663432,1.4735754423227032,8.313945109320375,1.8230548897530086
1655366358.0168388,6.866226168089949,3.572503687696438,8.225315161131721
1655366358.067155,5.983920396917805,5.939938203628002,2.1484921359421385
1655366358.1178536,2.1878537162249323,0.44475917750324556,6.5376134199845595
1655366358.1693687,6.126271424267163,7.345551729112472,1.7481361378856297
1655366358.219507,2.085964461460242,8.160479015668583,9.362811849504535
1655366358.2703328,0.7116124394796242,3.8602459264596325,3.0527822400207794
1655366358.321216,6.442153191960522,3.0025559829730897,2.2793547711406825
1655366358.371938,9.512427579429527,6.057075046176896,2.8898561052295033
1655366358.4226198,0.05629689708509411,6.490928577081295,1.4071296629037855
1655366358.4734406,0.6269069475499056,4.393526677222513,6.924322891133896
