#        weight    minuslogpost              p0              p1   minuslogprior minuslogprior__0            chi2     chi2__power
              3       5695020.5        2.968374       2.9740777       2.1972246        2.1972246        11390037        11390037
              1       5321640.3       2.9301749        2.950681       2.1972246        2.1972246        10643276        10643276
              1       5198642.5       2.9395767        2.935331       2.1972246        2.1972246        10397281        10397281
              3       4643167.1       2.9409999       2.8758537       2.1972246        2.1972246       9286329.7       9286329.7
              5       4555302.2       2.9375521       2.8670672       2.1972246        2.1972246       9110600.1       9110600.1
              1       4450657.6       2.9234557       2.8596362       2.1972246        2.1972246       8901310.9       8901310.9
              4         4309069       2.9340784       2.8394851       2.1972246        2.1972246       8618133.5       8618133.5
              3       4277565.8       2.9073779       2.8444191       2.1972246        2.1972246       8555127.1       8555127.1
              2       4088156.2       2.9373472       2.8113755       2.1972246        2.1972246       8176307.9       8176307.9
              2       4025208.4       2.9473173       2.8001687       2.1972246        2.1972246       8050412.5       8050412.5
              1       3857400.6       2.9382494       2.7814027       2.1972246        2.1972246       7714796.9       7714796.9
              1       3850188.3       2.9443694       2.7784455       2.1972246        2.1972246       7700372.2       7700372.2
              1       3797335.3       2.9302707       2.7760313       2.1972246        2.1972246       7594666.3       7594666.3
              1       3682668.1       2.9330931        2.759549       2.1972246        2.1972246       7365331.8       7365331.8
              1       3452554.1        2.913934        2.733267       2.1972246        2.1972246       6905103.9       6905103.9
              1       3408290.1       2.9301004       2.7214819       2.1972246        2.1972246       6816575.8       6816575.8
              2       3078673.6       2.9194366       2.6742208       2.1972246        2.1972246       6157342.7       6157342.7
              1       2897699.5       2.9019957       2.6500154       2.1972246        2.1972246       5795394.7       5795394.7
              4       2865420.6       2.9160723       2.6398727       2.1972246        2.1972246       5730836.8       5730836.8
              2       2691231.4        2.879901       2.6210612       2.1972246        2.1972246       5382458.4       5382458.4
              1       2497404.9       2.8686658       2.5884819       2.1972246        2.1972246       4994805.4       4994805.4
              1       2466147.3       2.8574825       2.5860851       2.1972246        2.1972246       4932290.2       4932290.2
              1       2389049.9        2.861006       2.5696444       2.1972246        2.1972246       4778095.5       4778095.5
              1       2353781.7       2.8550683       2.5644666       2.1972246        2.1972246         4707559         4707559
              1       2263690.3       2.8778996       2.5382843       2.1972246        2.1972246       4527376.2       4527376.2
              1       2258360.7       2.8772211       2.5373845       2.1972246        2.1972246       4516717.1       4516717.1
              1       2245729.8       2.8835268       2.5326298       2.1972246        2.1972246       4491455.2       4491455.2
              2       2210718.6        2.897457       2.5205483       2.1972246        2.1972246       4421432.8       4421432.8
              2         2181933       2.8972627       2.5143865       2.1972246        2.1972246       4363861.7       4363861.7
              1       2049523.2       2.8838022       2.4892567       2.1972246        2.1972246       4099041.9       4099041.9
              2       2022650.9       2.9141701       2.4729905       2.1972246        2.1972246       4045297.4       4045297.4
              3       1908762.9       2.8686482       2.4609682       2.1972246        2.1972246       3817521.5       3817521.5
              1       1887377.6       2.8481604        2.462507       2.1972246        2.1972246       3774750.8       3774750.8
              2       1786844.1       2.8463032       2.4377798       2.1972246        2.1972246       3573683.9       3573683.9
              4       1704348.2       2.8308688       2.4211712       2.1972246        2.1972246         3408692         3408692
              1       1664093.6       2.8242763       2.4124307       2.1972246        2.1972246       3328182.9       3328182.9
              1       1632639.2       2.8140627       2.4071206       2.1972246        2.1972246       3265274.1       3265274.1
              4         1593363       2.8210064       2.3937648       2.1972246        2.1972246       3186721.5       3186721.5
              2       1571281.5       2.8169385       2.3887953       2.1972246        2.1972246       3142558.7       3142558.7
              2       1519454.9        2.777657       2.3866784       2.1972246        2.1972246       3038905.4       3038905.4
              1       1385618.6       2.7569902       2.3523601       2.1972246        2.1972246       2771232.8       2771232.8
              1       1363632.7       2.7078999       2.3615116       2.1972246        2.1972246         2727261         2727261
              1       1298231.5       2.7041032       2.3411453       2.1972246        2.1972246       2596458.5       2596458.5
              3       1253240.1       2.6995498        2.327241       2.1972246        2.1972246       2506475.8       2506475.8
              1       1232192.5       2.6726546       2.3287565       2.1972246        2.1972246       2464380.5       2464380.5
              2       1231517.9       2.6873333       2.3236724       2.1972246        2.1972246       2463031.4       2463031.4
              1       1134868.2       2.6521022        2.300061       2.1972246        2.1972246         2269732         2269732
              1       1083943.6       2.6689612       2.2749051       2.1972246        2.1972246       2167882.8       2167882.8
              1       1023485.1       2.6575777       2.2544026       2.1972246        2.1972246       2046965.7       2046965.7
              1       972533.57       2.7535555        2.201113       2.1972246        2.1972246       1945062.7       1945062.7
              1       960954.82       2.7196992       2.2073954       2.1972246        2.1972246       1921905.3       1921905.3
              1       883576.94       2.7136336       2.1747076       2.1972246        2.1972246       1767149.5       1767149.5
              4       851311.22       2.7150031       2.1590382       2.1972246        2.1972246         1702618         1702618
              6       761440.58       2.7043945       2.1175775       2.1972246        2.1972246       1522876.8       1522876.8
              1       675931.23        2.683895        2.077424       2.1972246        2.1972246       1351858.1       1351858.1
              1       668437.72       2.7086128       2.0648048       2.1972246        2.1972246         1336871         1336871
              8        613472.9       2.7170692        2.028833       2.1972246        2.1972246       1226941.4       1226941.4
              2       586561.55        2.712617       2.0132286       2.1972246        2.1972246       1173118.7       1173118.7
              3       549790.24       2.7351804       1.9812186       2.1972246        2.1972246       1099576.1       1099576.1
              3        548269.9       2.7316462       1.9813728       2.1972246        2.1972246       1096535.4       1096535.4
              3       513391.37       2.7269494       1.9585082       2.1972246        2.1972246       1026778.3       1026778.3
              1       502300.29       2.7124101       1.9553641       2.1972246        2.1972246       1004596.2       1004596.2
              3       444841.25       2.7076768       1.9128642       2.1972246        2.1972246       889678.11       889678.11
              3       439629.74       2.6918063       1.9140099       2.1972246        2.1972246       879255.08       879255.08
              2       379751.74       2.6877406       1.8638861       2.1972246        2.1972246       759499.09       759499.09
              1       367772.65       2.6511101       1.8652302       2.1972246        2.1972246       735540.91       735540.91
              2       341305.64       2.6501882       1.8401048       2.1972246        2.1972246       682606.89       682606.89
              1        317511.3       2.6325333       1.8218777       2.1972246        2.1972246        635018.2        635018.2
              2       293126.64       2.6468047       1.7907317       2.1972246        2.1972246        586248.9        586248.9
              1       283938.63       2.6426953       1.7817761       2.1972246        2.1972246       567872.87       567872.87
              3       274121.91       2.7392816       1.7374555       2.1972246        2.1972246       548239.42       548239.42
              2       265083.86       2.7502107       1.7229517       2.1972246        2.1972246       530163.33       530163.33
              2        254920.7       2.7619828       1.7064669       2.1972246        2.1972246       509837.01       509837.01
              2       250484.59       2.7637669       1.7003026       2.1972246        2.1972246       500964.79       500964.79
              1       225181.85       2.7440796       1.6739058       2.1972246        2.1972246       450359.31       450359.31
              2       216963.74       2.7725025       1.6527073       2.1972246        2.1972246       433923.09       433923.09
              5       214009.74       2.7633965       1.6516788       2.1972246        2.1972246       428015.09       428015.09
              1       199785.78        2.753781       1.6342632       2.1972246        2.1972246       399567.18       399567.18
              4       199023.87       2.7593221       1.6312039       2.1972246        2.1972246       398043.35       398043.35
              3       192881.14        2.725102       1.6337057       2.1972246        2.1972246       385757.88       385757.88
              4       176900.01       2.7179278       1.6108259       2.1972246        2.1972246       353795.62       353795.62
              2       151926.05       2.7466164       1.5574897       2.1972246        2.1972246       303847.71       303847.71
              2       151636.73       2.7537726       1.5544628       2.1972246        2.1972246       303269.07       303269.07
              1       145831.72       2.7266819       1.5530282       2.1972246        2.1972246       291659.05       291659.05
              2       134236.64       2.7279079        1.529876       2.1972246        2.1972246       268468.89       268468.89
              4       133151.15       2.7231372       1.5293378       2.1972246        2.1972246        266297.9        266297.9
              1       115439.92       2.6602139       1.5132924       2.1972246        2.1972246       230875.44       230875.44
              3        106590.2       2.6627657       1.4917637       2.1972246        2.1972246       213176.01       213176.01
              2       105023.86        2.654135       1.4909896       2.1972246        2.1972246       210043.33       210043.33
              2       100958.66       2.6331647        1.488278       2.1972246        2.1972246       201912.92       201912.92
              2       96342.297       2.5909793       1.4912166       2.1972246        2.1972246        192680.2        192680.2
              2       92597.762        2.578359       1.4857628       2.1972246        2.1972246       185191.13       185191.13
              1       89413.102       2.5515652       1.4864662       2.1972246        2.1972246       178821.81       178821.81
              1       76900.138       2.5262295       1.4590246       2.1972246        2.1972246       153795.88       153795.88
              3       73979.328       2.5420746       1.4443955       2.1972246        2.1972246       147954.26       147954.26
              2       67377.974       2.5395156       1.4236121       2.1972246        2.1972246       134751.55       134751.55
              1       59498.866       2.5293161       1.3990111       2.1972246        2.1972246       118993.34       118993.34
              1       58878.073       2.5667315       1.3834988       2.1972246        2.1972246       117751.75       117751.75
              1        52080.31       2.5471641       1.3633027       2.1972246        2.1972246       104156.23       104156.23
              1       51372.373       2.5520179          1.3586       2.1972246        2.1972246       102740.35       102740.35
              2       49424.855       2.5609537       1.3470365       2.1972246        2.1972246       98845.316       98845.316
              1       46556.844       2.5328589       1.3441359       2.1972246        2.1972246       93109.293       93109.293
              1       33463.759       2.5402836       1.2722229       2.1972246        2.1972246       66923.124       66923.124
              2       32769.075       2.5731018       1.2559859       2.1972246        2.1972246       65533.756       65533.756
              1       30770.594       2.5244797       1.2606396       2.1972246        2.1972246       61536.794       61536.794
              4       23951.564       2.5196828       1.2105229       2.1972246        2.1972246       47898.733       47898.733
              3       23784.008       2.4979964       1.2170534       2.1972246        2.1972246       47563.621       47563.621
              1       23008.805        2.489677       1.2131608       2.1972246        2.1972246       46013.215       46013.215
              1       20204.857       2.5055184       1.1793044       2.1972246        2.1972246        40405.32        40405.32
              3        19465.25       2.5102165        1.169221       2.1972246        2.1972246       38926.106       38926.106
              1       19114.253        2.503708       1.1675739       2.1972246        2.1972246       38224.112       38224.112
              3        19019.46       2.5063676       1.1654339       2.1972246        2.1972246       38034.525       38034.525
              1       18892.888       2.5026116       1.1653368       2.1972246        2.1972246       37781.382       37781.382
              2       17552.986       2.4977257       1.1499732       2.1972246        2.1972246       35101.577       35101.577
              3       17550.834       2.4977868       1.1499201       2.1972246        2.1972246       35097.274       35097.274
              1       17423.421       2.4746633       1.1570461       2.1972246        2.1972246       34842.447       34842.447
              2       14637.353       2.4703246        1.112216       2.1972246        2.1972246       29270.311       29270.311
              2       13763.795       2.5021062       1.0781109       2.1972246        2.1972246       27523.196       27523.196
              1       13163.206       2.4707474       1.0733165       2.1972246        2.1972246       26322.018       26322.018
              1       12824.414       2.4729239       1.0590811       2.1972246        2.1972246       25644.434       25644.434
              1       12737.639       2.4691368       1.0569116       2.1972246        2.1972246       25470.884       25470.884
              2       12441.722       2.4841087       1.0307768       2.1972246        2.1972246       24879.049       24879.049
              3       12299.941        2.475991       1.0203843       2.1972246        2.1972246       24595.488       24595.488
              3       12148.664       2.4401981       1.0172792       2.1972246        2.1972246       24292.934       24292.934
              1       12117.402       2.4224749       1.0336932       2.1972246        2.1972246        24230.41        24230.41
              4       12073.497       2.4102284       1.0350422       2.1972246        2.1972246       24142.599       24142.599
              5       11986.974       2.3603566       1.0284059       2.1972246        2.1972246       23969.554       23969.554
              4       11977.318        2.360674       1.0299529       2.1972246        2.1972246       23950.241       23950.241
              1       11974.178        2.374956        1.034976       2.1972246        2.1972246       23943.962       23943.962
              5       11915.386       2.3272559       1.0381672       2.1972246        2.1972246       23826.377       23826.377
              4       11824.811       2.3070272       1.0524426       2.1972246        2.1972246       23645.227       23645.227
              5       11824.501       2.3155284       1.0643014       2.1972246        2.1972246       23644.608       23644.608
              3       11792.352       2.3021764       1.0680503       2.1972246        2.1972246       23580.309       23580.309
              1       11790.377       2.3016189       1.0676503       2.1972246        2.1972246       23576.359       23576.359
              2       11760.034       2.2845679       1.0639698       2.1972246        2.1972246       23515.674       23515.674
              2       11700.316       2.2557945       1.0729243       2.1972246        2.1972246       23396.237       23396.237
              9       11682.543       2.2528906       1.0814795       2.1972246        2.1972246       23360.691       23360.691
              5       11665.414       2.2340279       1.0776108       2.1972246        2.1972246       23326.433       23326.433
              2        11659.29       2.2387504       1.0809864       2.1972246        2.1972246       23314.186       23314.186
              4       11632.946       2.2260452       1.0857994       2.1972246        2.1972246       23261.498       23261.498
              2        11622.01       2.2056128       1.0846873       2.1972246        2.1972246       23239.626       23239.626
              1       11622.229       2.2094571       1.1073595       2.1972246        2.1972246       23240.064       23240.064
              7       11584.991       2.1948032       1.1098442       2.1972246        2.1972246       23165.588       23165.588
              5       11584.993       2.1629504       1.0928836       2.1972246        2.1972246       23165.592       23165.592
              1       11538.508       2.1687952       1.1184236       2.1972246        2.1972246       23072.621       23072.621
              4       11492.754       2.1503175       1.1146857       2.1972246        2.1972246       22981.114       22981.114
              2       11492.709       2.1502969       1.1147149       2.1972246        2.1972246       22981.023       22981.023
              2       11476.547       2.1391295       1.1229446       2.1972246        2.1972246       22948.699       22948.699
              9       11432.807       2.0997445       1.1420493       2.1972246        2.1972246        22861.22        22861.22
             14       11408.084        2.093756       1.1369537       2.1972246        2.1972246       22811.773       22811.773
              4       11403.863       2.0832264       1.1310534       2.1972246        2.1972246       22803.331       22803.331
              3       11394.668       2.0817323       1.1345982       2.1972246        2.1972246       22784.942       22784.942
             14       11389.423       2.0766591       1.1355267       2.1972246        2.1972246       22774.452       22774.452
              3        11388.77       2.0758851        1.135613       2.1972246        2.1972246       22773.146       22773.146
             17       11389.619        2.076578       1.1354092       2.1972246        2.1972246       22774.843       22774.843
              3        11384.32       2.0755004       1.1381517       2.1972246        2.1972246       22764.246       22764.246
              1        11383.22        2.074349       1.1382081       2.1972246        2.1972246       22762.045       22762.045
             11       11354.064       2.0425481       1.1442646       2.1972246        2.1972246       22703.733       22703.733
              1       11331.854        2.022132        1.150863       2.1972246        2.1972246       22659.313       22659.313
             11       11301.672       2.0034479       1.1676551       2.1972246        2.1972246        22598.95        22598.95
             35       11296.657       1.9801754        1.163078       2.1972246        2.1972246        22588.92        22588.92
             26       11251.909       1.9475224       1.1820904       2.1972246        2.1972246       22499.424       22499.424
             75       11226.288       1.6996293        1.252902       2.1972246        2.1972246       22448.181       22448.181
             71       11203.229       1.7395495       1.2433763       2.1972246        2.1972246       22402.064       22402.064
              2       11203.131       1.7399523       1.2432567       2.1972246        2.1972246       22401.867       22401.867
            362       11192.764       1.7497113       1.2524498       2.1972246        2.1972246       22381.134       22381.134
              4       11187.691       1.7711771       1.2399621       2.1972246        2.1972246       22370.987       22370.987
            297       11187.819       1.7734406       1.2417957       2.1972246        2.1972246       22371.243       22371.243
            202        11187.57       1.7731982       1.2413566       2.1972246        2.1972246       22370.746       22370.746
             65       11187.397       1.7733449       1.2403408       2.1972246        2.1972246         22370.4         22370.4
            269       11187.972       1.7713844       1.2426661       2.1972246        2.1972246        22371.55        22371.55
             69       11188.282       1.7660516       1.2409093       2.1972246        2.1972246       22372.169       22372.169
              2       11189.797       1.7662331       1.2394094       2.1972246        2.1972246         22375.2         22375.2
             83       11190.062       1.8004065       1.2290525       2.1972246        2.1972246       22375.729       22375.729
             48         11189.3        1.793176       1.2314974       2.1972246        2.1972246       22374.206       22374.206
            277       11188.013       1.7778262       1.2406602       2.1972246        2.1972246       22371.632       22371.632
              4       11187.509       1.7780009       1.2381634       2.1972246        2.1972246       22370.623       22370.623
             58       11187.424       1.7781751       1.2385204       2.1972246        2.1972246       22370.454       22370.454
            487       11187.535       1.7795081        1.237658       2.1972246        2.1972246       22370.676       22370.676
            193       11187.407       1.7732227       1.2406456       2.1972246        2.1972246       22370.419       22370.419
            155       11187.408       1.7732687       1.2401922       2.1972246        2.1972246       22370.421       22370.421
            236       11188.175       1.7730666       1.2385409       2.1972246        2.1972246       22371.955       22371.955
            145       11189.694       1.7778377       1.2355897       2.1972246        2.1972246       22374.994       22374.994
            145        11187.84       1.7788569       1.2371623       2.1972246        2.1972246       22371.285       22371.285
              9       11188.257       1.7778094       1.2369006       2.1972246        2.1972246       22372.119       22372.119
              2       11188.477       1.7855845       1.2343628       2.1972246        2.1972246       22372.559       22372.559
             92       11188.476       1.7957809        1.234038       2.1972246        2.1972246       22372.557       22372.557
             12       11189.171       1.7949587       1.2355078       2.1972246        2.1972246       22373.947       22373.947
            263       11188.736       1.7947605       1.2350324       2.1972246        2.1972246       22373.077       22373.077
            205       11188.072       1.7865582       1.2375097       2.1972246        2.1972246        22371.75        22371.75
            289       11188.085        1.792965       1.2336526       2.1972246        2.1972246       22371.776       22371.776
            261       11187.434       1.7710369       1.2413189       2.1972246        2.1972246       22370.474       22370.474
             17       11187.754       1.7667903       1.2415189       2.1972246        2.1972246       22371.113       22371.113
             43       11187.797       1.7666306       1.2414841       2.1972246        2.1972246         22371.2         22371.2
             20       11187.763       1.7666315       1.2415633       2.1972246        2.1972246       22371.131       22371.131
            460       11187.949       1.7736905       1.2386376       2.1972246        2.1972246       22371.503       22371.503
            108       11188.091       1.7733956       1.2385385       2.1972246        2.1972246       22371.787       22371.787
            338       11187.437       1.7801098       1.2381994       2.1972246        2.1972246        22370.48        22370.48
            139       11188.643       1.7816168       1.2400858       2.1972246        2.1972246       22372.892       22372.892
              8       11188.316       1.7781396       1.2367284       2.1972246        2.1972246       22372.237       22372.237
             80       11187.535       1.7781138       1.2380467       2.1972246        2.1972246       22370.675       22370.675
            102       11187.543        1.773401       1.2395309       2.1972246        2.1972246       22370.691       22370.691
            247       11188.902       1.7702106       1.2387485       2.1972246        2.1972246        22373.41        22373.41
             30       11187.536       1.7818492       1.2371015       2.1972246        2.1972246       22370.678       22370.678
            174       11187.514       1.7734709       1.2411126       2.1972246        2.1972246       22370.634       22370.634
             23       11191.508       1.7354629       1.2545185       2.1972246        2.1972246       22378.622       22378.622
            153       11191.988       1.7526894       1.2429802       2.1972246        2.1972246       22379.582       22379.582
            122        11187.98       1.7888326       1.2343717       2.1972246        2.1972246       22371.565       22371.565
            154       11188.591       1.7818866         1.23529       2.1972246        2.1972246       22372.787       22372.787
            110       11187.514       1.7806868       1.2374477       2.1972246        2.1972246       22370.633       22370.633
            183       11188.064       1.7811868       1.2361305       2.1972246        2.1972246       22371.734       22371.734
            220       11187.496       1.7823632        1.237533       2.1972246        2.1972246       22370.597       22370.597
             89       11187.624       1.7822339       1.2366979       2.1972246        2.1972246       22370.853       22370.853
            136       11188.914       1.8018799       1.2309705       2.1972246        2.1972246       22373.434       22373.434
             32       11189.315       1.7979434       1.2343854       2.1972246        2.1972246       22374.235       22374.235
             78       11187.523       1.7817534       1.2381321       2.1972246        2.1972246       22370.651       22370.651
            169       11187.506       1.7818886       1.2372618       2.1972246        2.1972246       22370.618       22370.618
            179       11187.678       1.7841333       1.2361111       2.1972246        2.1972246       22370.961       22370.961
              8       11189.017       1.7680166       1.2448354       2.1972246        2.1972246       22373.639       22373.639
            143       11188.869       1.7675833        1.244827       2.1972246        2.1972246       22373.343       22373.343
            130       11188.282        1.767736        1.244149       2.1972246        2.1972246       22372.169       22372.169
            266       11188.347       1.7937242       1.2348151       2.1972246        2.1972246         22372.3         22372.3
             45       11188.164       1.7926772       1.2333193       2.1972246        2.1972246       22371.933       22371.933
            181         11188.2       1.7926445       1.2332169       2.1972246        2.1972246       22372.006       22372.006
            215       11187.961       1.7664418       1.2412389       2.1972246        2.1972246       22371.528       22371.528
            128        11188.16       1.7664593       1.2409213       2.1972246        2.1972246       22371.925       22371.925
             86       11190.191       1.7663447       1.2390911       2.1972246        2.1972246       22375.987       22375.987
            192       11188.635        1.760212       1.2427487       2.1972246        2.1972246       22372.875       22372.875
              8       11188.092       1.7918327       1.2336268       2.1972246        2.1972246       22371.789       22371.789
            416       11188.278       1.7949162       1.2328247       2.1972246        2.1972246       22372.162       22372.162
            228       11188.018       1.7912106       1.2352242       2.1972246        2.1972246       22371.641       22371.641
            396       11187.918       1.7895146       1.2344508       2.1972246        2.1972246       22371.441       22371.441
             97       11187.905       1.7894785       1.2345005       2.1972246        2.1972246       22371.416       22371.416
              2       11189.052       1.7916188       1.2321416       2.1972246        2.1972246       22373.709       22373.709
             17       11188.073       1.7707265       1.2394813       2.1972246        2.1972246       22371.752       22371.752
             25       11187.779       1.7730789       1.2418395       2.1972246        2.1972246       22371.164       22371.164
             30       11187.712       1.7751023       1.2410764       2.1972246        2.1972246       22371.029       22371.029
            220       11187.891       1.7897219       1.2355876       2.1972246        2.1972246       22371.388       22371.388
              9       11187.886       1.7901754       1.2352453       2.1972246        2.1972246       22371.377       22371.377
            112       11188.602       1.7893713       1.2332197       2.1972246        2.1972246       22372.809       22372.809
            300       11188.434       1.7894349       1.2334253       2.1972246        2.1972246       22372.474       22372.474
             61       11188.024       1.7922013       1.2345778       2.1972246        2.1972246       22371.653       22371.653
              1        11188.55        1.792796       1.2356276       2.1972246        2.1972246       22372.706       22372.706
             13       11188.661         1.79201       1.2361266       2.1972246        2.1972246       22372.928       22372.928
            118       11188.286       1.7950837        1.232799       2.1972246        2.1972246       22372.178       22372.178
            178        11187.45       1.7723803       1.2411648       2.1972246        2.1972246       22370.505       22370.505
              1       11188.088       1.7735942       1.2421478       2.1972246        2.1972246       22371.782       22371.782
             95       11189.911       1.7690996       1.2383269       2.1972246        2.1972246       22375.427       22375.427
             28       11189.604       1.7685622       1.2451529       2.1972246        2.1972246       22374.815       22374.815
            399       11189.227        1.754677       1.2485692       2.1972246        2.1972246        22374.06        22374.06
              6       11188.366       1.7541053       1.2465131       2.1972246        2.1972246       22372.337       22372.337
            331       11187.602       1.7758129       1.2385713       2.1972246        2.1972246        22370.81        22370.81
            405       11187.904       1.7797555       1.2398264       2.1972246        2.1972246       22371.414       22371.414
             64       11187.433       1.7774122        1.238652       2.1972246        2.1972246       22370.472       22370.472
             21       11187.607       1.7706787       1.2421742       2.1972246        2.1972246       22370.819       22370.819
            125       11187.554       1.7775386       1.2381593       2.1972246        2.1972246       22370.714       22370.714
             88       11187.647       1.7773247       1.2379958       2.1972246        2.1972246       22370.899       22370.899
            395       11188.092       1.7774276       1.2372269       2.1972246        2.1972246        22371.79        22371.79
            142       11187.543       1.7702217       1.2421013       2.1972246        2.1972246       22370.691       22370.691
            128       11188.395       1.7733143       1.2426046       2.1972246        2.1972246       22372.395       22372.395
             18       11188.319       1.7757955       1.2374683       2.1972246        2.1972246       22372.243       22372.243
             69       11187.637       1.7740263       1.2412631       2.1972246        2.1972246       22370.879       22370.879
             81       11187.804       1.7780029       1.2402731       2.1972246        2.1972246       22371.213       22371.213
            233        11189.07       1.7787542       1.2414694       2.1972246        2.1972246       22373.746       22373.746
            193       11188.843       1.7923219       1.2362274       2.1972246        2.1972246       22373.291       22373.291
            105       11188.542       1.7955757       1.2320135       2.1972246        2.1972246        22372.69        22372.69
            346       11187.547       1.7825715       1.2369202       2.1972246        2.1972246       22370.699       22370.699
              3       11188.816       1.7850874       1.2390097       2.1972246        2.1972246       22373.238       22373.238
            298       11188.182       1.7943692       1.2333205       2.1972246        2.1972246       22371.969       22371.969
             61       11190.288       1.7849804       1.2402257       2.1972246        2.1972246       22376.181       22376.181
             95       11190.679        1.785769       1.2402009       2.1972246        2.1972246       22376.965       22376.965
             99       11190.032       1.7808754       1.2343996       2.1972246        2.1972246       22375.669       22375.669
            250       11189.536       1.7646195       1.2401879       2.1972246        2.1972246       22374.678       22374.678
             81       11189.704       1.7671614       1.2456491       2.1972246        2.1972246       22375.014       22375.014
            154       11187.607       1.7802371       1.2390543       2.1972246        2.1972246        22370.82        22370.82
            206       11187.541       1.7800583        1.237497       2.1972246        2.1972246       22370.687       22370.687
             72       11187.541       1.7801275       1.2374778       2.1972246        2.1972246       22370.688       22370.688
             16       11187.537       1.7763562       1.2402607       2.1972246        2.1972246       22370.681       22370.681
             67        11187.88       1.7768051       1.2408076       2.1972246        2.1972246       22371.366       22371.366
            434       11188.077       1.7771231        1.237343       2.1972246        2.1972246       22371.759       22371.759
            102       11188.041       1.7828588       1.2356914       2.1972246        2.1972246       22371.687       22371.687
            345       11187.869       1.7831314        1.235905       2.1972246        2.1972246       22371.344       22371.344
             75        11187.41       1.7721727       1.2408012       2.1972246        2.1972246       22370.425       22370.425
             26       11187.409        1.772215       1.2407642       2.1972246        2.1972246       22370.423       22370.423
            260       11188.061       1.7722795       1.2425207       2.1972246        2.1972246       22371.728       22371.728
            167       11187.426       1.7778019       1.2385946       2.1972246        2.1972246       22370.458       22370.458
             26       11189.196       1.7768386       1.2362932       2.1972246        2.1972246       22373.998       22373.998
             46       11188.737       1.7767382       1.2367309       2.1972246        2.1972246       22373.079       22373.079
             41       11188.159       1.7579649       1.2446326       2.1972246        2.1972246       22371.923       22371.923
             27       11188.091       1.7579959       1.2448754       2.1972246        2.1972246       22371.787       22371.787
            139       11187.561       1.7840411       1.2367048       2.1972246        2.1972246       22370.727       22370.727
            270       11187.886       1.7858701       1.2374401       2.1972246        2.1972246       22371.378       22371.378
            149       11188.557        1.789113       1.2371832       2.1972246        2.1972246        22372.72        22372.72
             52       11188.319       1.7805378       1.2359923       2.1972246        2.1972246       22372.244       22372.244
            165       11187.545       1.7779313       1.2380691       2.1972246        2.1972246       22370.696       22370.696
             36       11187.799       1.7808684       1.2392413       2.1972246        2.1972246       22371.204       22371.204
            310       11187.977       1.7918427       1.2343688       2.1972246        2.1972246       22371.559       22371.559
             12       11187.677       1.7656246       1.2435484       2.1972246        2.1972246        22370.96        22370.96
             97       11187.954       1.7640113       1.2446116       2.1972246        2.1972246       22371.513       22371.513
            239       11187.729       1.7628123       1.2437211       2.1972246        2.1972246       22371.063       22371.063
            113       11187.743        1.762704       1.2436348       2.1972246        2.1972246       22371.091       22371.091
              2        11187.86       1.7632247       1.2428149       2.1972246        2.1972246       22371.326       22371.326
            255       11187.802       1.7622381       1.2435448       2.1972246        2.1972246        22371.21        22371.21
            120       11187.912       1.7640095       1.2445239       2.1972246        2.1972246        22371.43        22371.43
            273       11187.599       1.7679268        1.242826       2.1972246        2.1972246       22370.804       22370.804
             24       11188.222         1.77173       1.2389382       2.1972246        2.1972246       22372.049       22372.049
            221       11189.112       1.7822847       1.2346768       2.1972246        2.1972246       22373.829       22373.829
             58       11189.947       1.7846908       1.2400928       2.1972246        2.1972246         22375.5         22375.5
             63       11189.803       1.7840859       1.2402027       2.1972246        2.1972246       22375.212       22375.212
             10       11188.963       1.7812097       1.2351321       2.1972246        2.1972246       22373.531       22373.531
             78       11187.605        1.770736         1.24033       2.1972246        2.1972246       22370.815       22370.815
             46       11188.616       1.7806708       1.2403898       2.1972246        2.1972246       22372.837       22372.837
            458       11187.785       1.7617789       1.2441687       2.1972246        2.1972246       22371.176       22371.176
             26       11189.076       1.7864065       1.2335111       2.1972246        2.1972246       22373.757       22373.757
            101       11187.933       1.7804422       1.2365429       2.1972246        2.1972246       22371.471       22371.471
            191         11187.9       1.7906373       1.2345943       2.1972246        2.1972246       22371.405       22371.405
             12       11188.507       1.7867178       1.2380609       2.1972246        2.1972246       22372.619       22372.619
            120       11187.681       1.7860868       1.2367057       2.1972246        2.1972246       22370.967       22370.967
            365       11187.443       1.7798653       1.2385003       2.1972246        2.1972246       22370.491       22370.491
            105       11187.507       1.7772899       1.2383762       2.1972246        2.1972246        22370.62        22370.62
             92       11187.489       1.7765946       1.2400244       2.1972246        2.1972246       22370.583       22370.583
            230       11187.716       1.7749393        1.238613       2.1972246        2.1972246       22371.037       22371.037
            112       11187.744        1.779012       1.2398113       2.1972246        2.1972246       22371.094       22371.094
             35       11187.618       1.7836558       1.2376663       2.1972246        2.1972246       22370.842       22370.842
            117       11187.689       1.7806733       1.2369306       2.1972246        2.1972246       22370.983       22370.983
            207       11187.609        1.769941       1.2423761       2.1972246        2.1972246       22370.823       22370.823
             31       11188.317       1.7735153       1.2382197       2.1972246        2.1972246        22372.24        22372.24
             56       11187.703       1.7753922       1.2409661       2.1972246        2.1972246       22371.012       22371.012
            194       11187.578        1.774463       1.2409863       2.1972246        2.1972246       22370.761       22370.761
             64       11187.407       1.7738412       1.2404979       2.1972246        2.1972246        22370.42        22370.42
             73       11187.636       1.7650326       1.2427924       2.1972246        2.1972246       22370.878       22370.878
             71       11187.763       1.7661954       1.2417467       2.1972246        2.1972246       22371.131       22371.131
            108       11187.435       1.7754372        1.240192       2.1972246        2.1972246       22370.476       22370.476
             78       11187.521       1.7743291       1.2392757       2.1972246        2.1972246       22370.648       22370.648
             36       11187.394       1.7739377       1.2403046       2.1972246        2.1972246       22370.394       22370.394
            427       11187.398       1.7741119       1.2403278       2.1972246        2.1972246       22370.402       22370.402
             86       11188.341       1.7802515       1.2360532       2.1972246        2.1972246       22372.287       22372.287
             69        11188.35       1.7804274       1.2359894       2.1972246        2.1972246       22372.306       22372.306
              3       11188.335       1.7804428       1.2360022       2.1972246        2.1972246       22372.276       22372.276
             16       11192.612       1.7662952       1.2476293       2.1972246        2.1972246        22380.83        22380.83
            214       11188.216        1.791756       1.2333101       2.1972246        2.1972246       22372.037       22372.037
             31       11188.277       1.7937083       1.2346489       2.1972246        2.1972246        22372.16        22372.16
            100       11188.574       1.7878114       1.2377179       2.1972246        2.1972246       22372.753       22372.753
            196       11188.837       1.7864629       1.2385201       2.1972246        2.1972246       22373.279       22373.279
             24         11188.7       1.7804014       1.2405682       2.1972246        2.1972246       22373.006       22373.006
            187       11188.616       1.7883228       1.2334695       2.1972246        2.1972246       22372.837       22372.837
            138       11189.675        1.777389       1.2357468       2.1972246        2.1972246       22374.955       22374.955
             15       11189.525       1.7610022       1.2415347       2.1972246        2.1972246       22374.655       22374.655
             17       11189.053       1.7597118       1.2471738       2.1972246        2.1972246       22373.711       22373.711
            184       11189.862       1.7417653       1.2510844       2.1972246        2.1972246       22375.329       22375.329
            103       11188.139       1.7570121       1.2453516       2.1972246        2.1972246       22371.883       22371.883
             31       11188.149       1.7565827       1.2457771       2.1972246        2.1972246       22371.903       22371.903
            263       11188.165       1.7565082       1.2456302       2.1972246        2.1972246       22371.936       22371.936
             69       11188.122       1.7593528       1.2458825       2.1972246        2.1972246        22371.85        22371.85
            124        11187.62       1.7848039       1.2370996       2.1972246        2.1972246       22370.846       22370.846
             35       11187.626       1.7853883       1.2367832       2.1972246        2.1972246       22370.857       22370.857
             71       11187.809       1.7626168       1.2432925       2.1972246        2.1972246       22371.223       22371.223
            292        11188.77       1.7624246       1.2461701       2.1972246        2.1972246       22373.146       22373.146
             79       11188.021       1.7585395       1.2448704       2.1972246        2.1972246       22371.647       22371.647
             66       11187.975       1.7588803       1.2450095       2.1972246        2.1972246       22371.555       22371.555
            337       11188.695       1.7508104       1.2475211       2.1972246        2.1972246       22372.996       22372.996
            152       11188.697       1.7508521       1.2474476       2.1972246        2.1972246       22372.999       22372.999
             84       11188.096       1.7731995       1.2385977       2.1972246        2.1972246       22371.797       22371.797
             81       11187.914       1.7645183       1.2444154       2.1972246        2.1972246       22371.434       22371.434
            310       11188.516       1.7533355       1.2475259       2.1972246        2.1972246       22372.637       22372.637
             96       11187.897        1.786957        1.234937       2.1972246        2.1972246       22371.399       22371.399
              7       11187.673       1.7658057       1.2421864       2.1972246        2.1972246       22370.952       22370.952
            109        11189.18       1.7758929       1.2366111       2.1972246        2.1972246       22373.965       22373.965
            433       11188.874       1.7777991       1.2362662       2.1972246        2.1972246       22373.354       22373.354
             22       11189.139       1.7816488        1.240535       2.1972246        2.1972246       22373.884       22373.884
             23        11190.34        1.782546       1.2411112       2.1972246        2.1972246       22376.286       22376.286
             11       11189.108       1.7966853       1.2309044       2.1972246        2.1972246       22373.822       22373.822
             61       11189.421       1.7964282       1.2305956       2.1972246        2.1972246       22374.447       22374.447
            153       11188.864       1.8014564       1.2313209       2.1972246        2.1972246       22373.333       22373.333
            104       11188.879       1.8016002       1.2311695       2.1972246        2.1972246       22373.363       22373.363
              4       11187.867       1.7889923       1.2346913       2.1972246        2.1972246       22371.341       22371.341
            138       11188.017       1.7922755        1.234444       2.1972246        2.1972246        22371.64        22371.64
             16       11187.713       1.7634987       1.2432675       2.1972246        2.1972246       22371.031       22371.031
            334       11187.712       1.7634729       1.2432899       2.1972246        2.1972246        22371.03        22371.03
            108       11188.881       1.7602199        1.242455       2.1972246        2.1972246       22373.367       22373.367
             18       11190.874        1.794487       1.2298886       2.1972246        2.1972246       22377.354       22377.354
             79       11188.756       1.7792751       1.2359157       2.1972246        2.1972246       22373.117       22373.117
            395       11187.504        1.779319       1.2378213       2.1972246        2.1972246       22370.613       22370.613
            176       11188.068       1.7902148       1.2358935       2.1972246        2.1972246       22371.741       22371.741
            124        11187.82       1.7894377       1.2352587       2.1972246        2.1972246       22371.245       22371.245
            682       11187.966       1.7890143       1.2343755       2.1972246        2.1972246       22371.537       22371.537
             22        11188.65       1.7988123       1.2326935       2.1972246        2.1972246       22372.906       22372.906
             28       11188.655       1.7987153       1.2314876       2.1972246        2.1972246       22372.916       22372.916
            179       11188.676       1.7984503       1.2314152       2.1972246        2.1972246       22372.958       22372.958
             28       11189.053       1.7983509       1.2306625       2.1972246        2.1972246       22373.711       22373.711
             84        11188.89        1.750491       1.2469152       2.1972246        2.1972246       22373.385       22373.385
             80       11188.703       1.7508165        1.247437       2.1972246        2.1972246       22373.011       22373.011
             22       11188.076       1.7875654       1.2370985       2.1972246        2.1972246       22371.758       22371.758
             15        11189.73       1.7466987       1.2473844       2.1972246        2.1972246       22375.066       22375.066
            102       11188.769       1.7502766       1.2475441       2.1972246        2.1972246       22373.144       22373.144
            229       11188.696       1.7650497       1.2407982       2.1972246        2.1972246       22372.998       22372.998
             12       11187.536        1.783566       1.2369745       2.1972246        2.1972246       22370.677       22370.677
            436       11187.812       1.7774745       1.2404684       2.1972246        2.1972246       22371.229       22371.229
             46       11187.767       1.7643808       1.2425448       2.1972246        2.1972246        22371.14        22371.14
            140       11187.648       1.7652312       1.2425961       2.1972246        2.1972246       22370.901       22370.901
             50       11187.595       1.7661485       1.2423852       2.1972246        2.1972246       22370.796       22370.796
            207       11187.757       1.7633274       1.2441779       2.1972246        2.1972246       22371.119       22371.119
             26       11187.642       1.7860643       1.2364186       2.1972246        2.1972246       22370.889       22370.889
            151       11187.539       1.7814902       1.2371646       2.1972246        2.1972246       22370.683       22370.683
             13       11187.802       1.7846141       1.2356744       2.1972246        2.1972246       22371.209       22371.209
            128       11187.647       1.7848365       1.2360964       2.1972246        2.1972246       22370.899       22370.899
            113        11188.61       1.7984908       1.2316511       2.1972246        2.1972246       22372.826       22372.826
            235       11190.021       1.7648685       1.2465578       2.1972246        2.1972246       22375.648       22375.648
            366       11188.074       1.7577334       1.2457465       2.1972246        2.1972246       22371.753       22371.753
            176       11190.124       1.7609249       1.2410927       2.1972246        2.1972246       22375.854       22375.854
             41       11190.033       1.7591688       1.2418183       2.1972246        2.1972246       22375.671       22375.671
             13       11188.149       1.7575671       1.2461412       2.1972246        2.1972246       22371.904       22371.904
             86       11189.599       1.7933611       1.2311682       2.1972246        2.1972246       22374.803       22374.803
             90       11190.449       1.8070352       1.2273425       2.1972246        2.1972246       22376.503       22376.503
             69       11190.372       1.8034796       1.2280931       2.1972246        2.1972246       22376.349       22376.349
             46       11191.265        1.798327       1.2286099       2.1972246        2.1972246       22378.135       22378.135
             10       11191.692       1.8040496       1.2338948       2.1972246        2.1972246        22378.99        22378.99
             57       11189.649       1.8027191        1.232594       2.1972246        2.1972246       22374.903       22374.903
            105       11190.154       1.7931032       1.2307762       2.1972246        2.1972246       22375.914       22375.914
             15       11189.155       1.7969976       1.2307801       2.1972246        2.1972246       22373.915       22373.915
             42       11188.867       1.8013024       1.2309637       2.1972246        2.1972246        22373.34        22373.34
            123       11188.857       1.7948632       1.2316176       2.1972246        2.1972246        22373.32        22373.32
             47       11188.557       1.7952699       1.2344855       2.1972246        2.1972246       22372.719       22372.719
            103       11187.428       1.7783861       1.2390634       2.1972246        2.1972246       22370.461       22370.461
            142       11187.705       1.7844272       1.2359684       2.1972246        2.1972246       22371.015       22371.015
             82       11188.083       1.7863559       1.2376112       2.1972246        2.1972246       22371.772       22371.772
             46       11188.464        1.797534       1.2327508       2.1972246        2.1972246       22372.533       22372.533
             51       11188.566       1.7969722       1.2318024       2.1972246        2.1972246       22372.738       22372.738
            174       11189.644       1.7936732       1.2310475       2.1972246        2.1972246       22374.894       22374.894
            134       11188.083        1.785184        1.238078       2.1972246        2.1972246       22371.772       22371.772
              7       11189.152       1.7998917       1.2332479       2.1972246        2.1972246       22373.909       22373.909
              7       11188.972       1.7896214       1.2327377       2.1972246        2.1972246       22373.549       22373.549
            482        11188.12       1.7917355       1.2335512       2.1972246        2.1972246       22371.846       22371.846
            124       11189.971       1.7765643       1.2358008       2.1972246        2.1972246       22375.547       22375.547
             69       11190.734        1.783877        1.240899       2.1972246        2.1972246       22377.074       22377.074
            157       11188.736       1.7623978       1.2417615       2.1972246        2.1972246       22373.077       22373.077
             73       11187.616       1.7677005        1.242932       2.1972246        2.1972246       22370.837       22370.837
             86       11187.436       1.7763897       1.2398729       2.1972246        2.1972246       22370.477       22370.477
            129       11187.546       1.7765762       1.2384739       2.1972246        2.1972246       22370.698       22370.698
            156       11187.392       1.7752958       1.2396233       2.1972246        2.1972246       22370.389       22370.389
              2       11187.861       1.7870499       1.2350072       2.1972246        2.1972246       22371.328       22371.328
            124        11188.42       1.7817231       1.2355242       2.1972246        2.1972246       22372.446       22372.446
            225       11188.656         1.79863        1.232846       2.1972246        2.1972246       22372.918       22372.918
            233           11190       1.7973961       1.2298078       2.1972246        2.1972246       22375.605       22375.605
            147        11188.59       1.7989188       1.2320936       2.1972246        2.1972246       22372.785       22372.785
            180       11189.119       1.8000636        1.233106       2.1972246        2.1972246       22373.843       22373.843
            102       11188.507        1.796742       1.2335705       2.1972246        2.1972246        22372.62        22372.62
             30       11189.016       1.8027801       1.2308355       2.1972246        2.1972246       22373.637       22373.637
             15       11190.292       1.8014027       1.2286148       2.1972246        2.1972246       22376.189       22376.189
            119       11189.021        1.755478       1.2481465       2.1972246        2.1972246       22373.647       22373.647
            154       11188.637       1.7727983       1.2381194       2.1972246        2.1972246       22372.879       22372.879
              7       11187.861       1.7741348       1.2386241       2.1972246        2.1972246       22371.328       22371.328
             41       11187.941        1.773696        1.238648       2.1972246        2.1972246       22371.487       22371.487
             17       11187.526       1.7678764       1.2424622       2.1972246        2.1972246       22370.657       22370.657
             15        11187.52        1.767532       1.2423484       2.1972246        2.1972246       22370.646       22370.646
             14       11188.004       1.7921574       1.2344315       2.1972246        2.1972246       22371.615       22371.615
            114       11190.228       1.7718903         1.24456       2.1972246        2.1972246       22376.061       22376.061
            105       11189.551        1.794064       1.2310342       2.1972246        2.1972246       22374.707       22374.707
             55       11188.986       1.7932811       1.2318087       2.1972246        2.1972246       22373.579       22373.579
             97       11189.994       1.7893291       1.2319307       2.1972246        2.1972246       22375.593       22375.593
             43       11190.008       1.7819315       1.2340911       2.1972246        2.1972246       22375.622       22375.622
             97       11189.779       1.7824591       1.2340944       2.1972246        2.1972246       22375.163       22375.163
             15       11189.593       1.7822223       1.2343048       2.1972246        2.1972246       22374.791       22374.791
            110       11187.921       1.7694264       1.2401753       2.1972246        2.1972246       22371.448       22371.448
             59       11187.482       1.7767769       1.2399361       2.1972246        2.1972246       22370.569       22370.569
             75       11187.479       1.7768387       1.2399045       2.1972246        2.1972246       22370.563       22370.563
             38       11187.515       1.7773171       1.2383411       2.1972246        2.1972246       22370.636       22370.636
             65       11187.751       1.7768411        1.237937       2.1972246        2.1972246       22371.107       22371.107
            187       11187.892       1.7882121       1.2363997       2.1972246        2.1972246        22371.39        22371.39
            277       11188.764       1.7852598        1.234137       2.1972246        2.1972246       22373.133       22373.133
             22       11189.562       1.7778686       1.2356781       2.1972246        2.1972246       22374.729       22374.729
            155       11188.785       1.7790279        1.235964       2.1972246        2.1972246       22373.176       22373.176
             18       11187.489       1.7726376       1.2412674       2.1972246        2.1972246       22370.583       22370.583
            107       11187.496        1.768292       1.2419652       2.1972246        2.1972246       22370.598       22370.598
              3        11189.01       1.7681633       1.2393662       2.1972246        2.1972246       22373.625       22373.625
            171       11187.952       1.7731028       1.2421109       2.1972246        2.1972246       22371.509       22371.509
             20        11189.73       1.7692725       1.2450302       2.1972246        2.1972246       22375.066       22375.066
             30       11190.181        1.774307       1.2437588       2.1972246        2.1972246       22375.967       22375.967
             81       11187.615       1.7735152       1.2413732       2.1972246        2.1972246       22370.836       22370.836
              7       11189.506       1.7833155       1.2340433       2.1972246        2.1972246       22374.618       22374.618
             16       11188.905       1.7560552       1.2478742       2.1972246        2.1972246       22373.416       22373.416
              1       11188.198       1.7585968       1.2441889       2.1972246        2.1972246       22372.002       22372.002
             28       11189.029       1.7874845       1.2383261       2.1972246        2.1972246       22373.663       22373.663
             17       11188.619       1.7872277       1.2379963       2.1972246        2.1972246       22372.843       22372.843
             30       11188.336       1.7846975       1.2386198       2.1972246        2.1972246       22372.278       22372.278
             19       11188.816       1.7673851       1.2398241       2.1972246        2.1972246       22373.237       22373.237
              3       11189.237        1.773126       1.2374721       2.1972246        2.1972246        22374.08        22374.08
             11       11188.114       1.7882562       1.2342084       2.1972246        2.1972246       22371.833       22371.833
             15       11189.255       1.7881077       1.2328739       2.1972246        2.1972246       22374.115       22374.115
             23       11189.103       1.7896614       1.2325954       2.1972246        2.1972246       22373.811       22373.811
             26       11188.984       1.8024585        1.231085       2.1972246        2.1972246       22373.573       22373.573
             10       11189.117       1.8031372       1.2301589       2.1972246        2.1972246        22373.84        22373.84
             50       11188.384       1.7804862        1.240206       2.1972246        2.1972246       22372.374       22372.374
             70        11188.29       1.7645907        1.245019       2.1972246        2.1972246       22372.185       22372.185
              8       11188.262       1.7600776       1.2460488       2.1972246        2.1972246        22372.13        22372.13
              4       11190.084       1.8037146       1.2283488       2.1972246        2.1972246       22375.773       22375.773
             21       11188.467       1.7689058       1.2396422       2.1972246        2.1972246       22372.539       22372.539
             43       11188.436       1.7630118       1.2418817       2.1972246        2.1972246       22372.477       22372.477
             13       11187.656        1.767444       1.2415063       2.1972246        2.1972246       22370.918       22370.918
             58        11187.57       1.7832026       1.2366992       2.1972246        2.1972246       22370.746       22370.746
              3       11188.101       1.7837374       1.2386635       2.1972246        2.1972246       22371.808       22371.808
             11       11188.123       1.7829926       1.2389743       2.1972246        2.1972246       22371.852       22371.852
             14       11188.087       1.7797526       1.2365206       2.1972246        2.1972246        22371.78        22371.78
             62       11189.096       1.8026112       1.2301659       2.1972246        2.1972246       22373.798       22373.798
             20       11190.277       1.7850191       1.2329768       2.1972246        2.1972246       22376.159       22376.159
              8       11190.432       1.7862748       1.2325017       2.1972246        2.1972246       22376.469       22376.469
             51       11187.935       1.7668159       1.2411378       2.1972246        2.1972246       22371.477       22371.477
             14       11187.805       1.7677704       1.2410123       2.1972246        2.1972246       22371.215       22371.215
             12       11191.401       1.7377135       1.2541172       2.1972246        2.1972246       22378.408       22378.408
             10       11190.409       1.7471735       1.2514142       2.1972246        2.1972246       22376.424       22376.424
             17       11191.723       1.7808987       1.2424841       2.1972246        2.1972246       22379.052       22379.052
              1       11188.874       1.7524898         1.24585       2.1972246        2.1972246       22373.354       22373.354
             24       11188.927       1.7559602       1.2441613       2.1972246        2.1972246        22373.46        22373.46
             10       11189.762       1.7498794       1.2458412       2.1972246        2.1972246       22375.129       22375.129
             10       11191.677       1.7453944       1.2528492       2.1972246        2.1972246       22378.959       22378.959
             16       11188.084       1.7719351       1.2426572       2.1972246        2.1972246       22371.774       22371.774
             16       11187.924       1.7610829       1.2436937       2.1972246        2.1972246       22371.453       22371.453
             15       11187.523       1.7684261       1.2415962       2.1972246        2.1972246       22370.653       22370.653
              2       11187.564       1.7683025        1.242614       2.1972246        2.1972246       22370.734       22370.734
             39       11190.629        1.801639       1.2340932       2.1972246        2.1972246       22376.863       22376.863
             16       11187.702       1.7826223        1.238361       2.1972246        2.1972246        22371.01        22371.01
             20       11187.504       1.7811612       1.2373961       2.1972246        2.1972246       22370.613       22370.613
              3       11188.548       1.7939668       1.2350945       2.1972246        2.1972246       22372.703       22372.703
             12        11188.72       1.7546977       1.2450383       2.1972246        2.1972246       22373.046       22373.046
              1       11188.582       1.7690205       1.2394774       2.1972246        2.1972246        22372.77        22372.77
              1       11187.585       1.7805799        1.238859       2.1972246        2.1972246       22370.776       22370.776
             26       11187.554       1.7731914       1.2413143       2.1972246        2.1972246       22370.713       22370.713
             16       11187.579        1.773979       1.2411402       2.1972246        2.1972246       22370.763       22370.763
              5       11187.635       1.7774616       1.2401282       2.1972246        2.1972246       22370.875       22370.875
             44       11187.401       1.7740949       1.2403735       2.1972246        2.1972246       22370.408       22370.408
             90       11187.625       1.7753769        1.240806       2.1972246        2.1972246       22370.855       22370.855
             22       11189.224         1.80335       1.2314488       2.1972246        2.1972246       22374.053       22374.053
              7       11188.165       1.7754127       1.2377757       2.1972246        2.1972246       22371.936       22371.936
             33       11187.479       1.7803035       1.2376999       2.1972246        2.1972246       22370.564       22370.564
             14       11187.709       1.7718137       1.2396942       2.1972246        2.1972246       22371.025       22371.025
             24       11189.207        1.775354       1.2367633       2.1972246        2.1972246        22374.02        22374.02
              7       11189.804       1.7738674       1.2367959       2.1972246        2.1972246       22375.213       22375.213
             12       11187.505       1.7700823       1.2419816       2.1972246        2.1972246       22370.615       22370.615
             16       11187.484       1.7713532       1.2404934       2.1972246        2.1972246       22370.573       22370.573
             63       11187.704        1.763979       1.2430143       2.1972246        2.1972246       22371.013       22371.013
              8       11187.896       1.7629521       1.2446977       2.1972246        2.1972246       22371.397       22371.397
             59       11188.301       1.7548616       1.2462141       2.1972246        2.1972246       22372.207       22372.207
              4       11191.759       1.7306249       1.2547692       2.1972246        2.1972246       22379.124       22379.124
             10       11191.053       1.7344818       1.2535476       2.1972246        2.1972246       22377.711       22377.711
              3       11189.969       1.7447182        1.251334       2.1972246        2.1972246       22375.543       22375.543
             15       11190.042       1.7445224       1.2514668       2.1972246        2.1972246        22375.69        22375.69
             10       11188.879       1.7495248       1.2476316       2.1972246        2.1972246       22373.364       22373.364
             11       11189.469       1.7551136       1.2439041       2.1972246        2.1972246       22374.544       22374.544
             38        11187.66       1.7653262       1.2435212       2.1972246        2.1972246       22370.926       22370.926
             29       11187.797       1.7666978       1.2436518       2.1972246        2.1972246       22371.199       22371.199
             10        11188.13       1.7574841       1.2450384       2.1972246        2.1972246       22371.866       22371.866
              5        11187.96       1.7593886       1.2452567       2.1972246        2.1972246       22371.525       22371.525
             19       11190.345       1.7619892       1.2476158       2.1972246        2.1972246       22376.296       22376.296
              9       11192.608       1.7362685       1.2554858       2.1972246        2.1972246       22380.821       22380.821
              6       11194.247       1.7377009       1.2562579       2.1972246        2.1972246         22384.1         22384.1
             19       11193.069       1.7545855       1.2512855       2.1972246        2.1972246       22381.743       22381.743
              5       11192.746       1.7403035       1.2547458       2.1972246        2.1972246       22381.097       22381.097
             10       11192.016       1.7397858       1.2543256       2.1972246        2.1972246       22379.638       22379.638
              3       11190.309       1.7976426       1.2354774       2.1972246        2.1972246       22376.223       22376.223
             56       11187.472       1.7717156       1.2414444       2.1972246        2.1972246        22370.55        22370.55
