#        weight    minuslogpost              p0              p1   minuslogprior minuslogprior__0            chi2     chi2__power
              1       133952.28      0.50607162      0.50207476       2.1972246        2.1972246       267900.17       267900.17
              3       131523.47      0.50491997      0.52071112       2.1972246        2.1972246       263042.55       263042.55
              1       125753.54      0.54273663      0.55128697       2.1972246        2.1972246       251502.68       251502.68
              1       123935.49      0.55461691      0.56086708       2.1972246        2.1972246       247866.59       247866.59
              3       119903.76      0.52170827      0.60167703       2.1972246        2.1972246       239803.12       239803.12
              1       119671.18      0.52234275      0.60318744       2.1972246        2.1972246       239337.97       239337.97
              1       119159.97      0.47956997       0.6211552       2.1972246        2.1972246       238315.54       238315.54
              1       114644.79      0.49965128      0.64782816       2.1972246        2.1972246       229285.18       229285.18
              1       112465.13      0.46152617      0.67653146       2.1972246        2.1972246       224925.87       224925.87
              2       106620.47      0.40919039       0.7368806       2.1972246        2.1972246       213236.54       213236.54
              2       105020.11      0.39539181      0.75322124       2.1972246        2.1972246       210035.83       210035.83
              1       102620.04      0.40473896       0.7677571       2.1972246        2.1972246       205235.68       205235.68
              1       101491.92      0.37808038      0.78489964       2.1972246        2.1972246       202979.44       202979.44
              2       99526.731      0.35736617      0.80622958       2.1972246        2.1972246       199049.07       199049.07
              1        98326.22      0.36205397      0.81350583       2.1972246        2.1972246       196648.05       196648.05
              6       97416.164      0.34058672      0.82733634       2.1972246        2.1972246       194827.93       194827.93
              1       95950.649      0.38206831      0.82434628       2.1972246        2.1972246        191896.9        191896.9
              1       93313.043      0.38979521       0.8412223       2.1972246        2.1972246       186621.69       186621.69
              2        92344.88      0.33274339      0.86734421       2.1972246        2.1972246       184685.36       184685.36
              6       91624.614      0.37062821      0.86006514       2.1972246        2.1972246       183244.83       183244.83
              4       86896.285      0.39161917      0.88810225       2.1972246        2.1972246       173788.18       173788.18
              1        80935.51      0.50341824       0.8952647       2.1972246        2.1972246       161866.63       161866.63
              3       77794.862      0.48771194      0.92408673       2.1972246        2.1972246       155585.33       155585.33
              2       75338.801      0.49413522      0.94049232       2.1972246        2.1972246       150673.21       150673.21
              2       73309.014      0.50079863       0.9536781       2.1972246        2.1972246       146613.63       146613.63
              1       70405.203      0.54395664       0.9614268       2.1972246        2.1972246       140806.01       140806.01
              1       64805.464        0.575575      0.99417697       2.1972246        2.1972246       129606.53       129606.53
              2       62817.489      0.55079229       1.0181032       2.1972246        2.1972246       125630.58       125630.58
              2       57156.295      0.57079969       1.0565901       2.1972246        2.1972246       114308.19       114308.19
              3       52858.094      0.61639861       1.0764318       2.1972246        2.1972246       105711.79       105711.79
              1         49908.2      0.69141824       1.0757766       2.1972246        2.1972246       99812.006       99812.006
              1       45246.932      0.69176755       1.1157755       2.1972246        2.1972246        90489.47        90489.47
              1       44544.789       0.6956929       1.1206251       2.1972246        2.1972246       89085.183       89085.183
              3       41989.535      0.64688922       1.1601284       2.1972246        2.1972246       83974.675       83974.675
              1       40627.145      0.65160956       1.1709858       2.1972246        2.1972246       81249.895       81249.895
              2       40369.054      0.62584277       1.1821881       2.1972246        2.1972246       80733.713       80733.713
              1       39256.152      0.65510565       1.1825361       2.1972246        2.1972246        78507.91        78507.91
              1       36081.838      0.66520956       1.2094495       2.1972246        2.1972246       72159.282       72159.282
              1       35961.675      0.62681556       1.2238635       2.1972246        2.1972246       71918.955       71918.955
              1       33979.739      0.63754815       1.2399329       2.1972246        2.1972246       67955.083       67955.083
              4        33667.74      0.62766975       1.2465306       2.1972246        2.1972246       67331.085       67331.085
              2       33231.427      0.64982861         1.24331       2.1972246        2.1972246       66458.459       66458.459
              4        32730.62      0.65572964       1.2464247       2.1972246        2.1972246       65456.846       65456.846
              2       28747.862       0.7050523       1.2720784       2.1972246        2.1972246       57491.329       57491.329
              1       28652.609       0.7058031       1.2728849       2.1972246        2.1972246       57300.824       57300.824
              2       25726.208      0.69627661       1.3104824       2.1972246        2.1972246       51448.022       51448.022
              1       22968.522      0.75315199       1.3254199       2.1972246        2.1972246       45932.649       45932.649
              2       20603.859       0.7434225       1.3624655       2.1972246        2.1972246       41203.323       41203.323
              4       18700.373      0.77108449       1.3826863       2.1972246        2.1972246       37396.352       37396.352
              1       18527.132      0.77433106       1.3844444       2.1972246        2.1972246       37049.869       37049.869
              5       18451.328      0.77194298       1.3866513       2.1972246        2.1972246       36898.261       36898.261
              2       16342.791      0.81114766       1.4121472       2.1972246        2.1972246       32681.187       32681.187
              3       16220.363      0.81281522       1.4141459       2.1972246        2.1972246       32436.331       32436.331
              2       16208.116      0.80303346       1.4182412       2.1972246        2.1972246       32411.838       32411.838
              2       15586.256      0.80772097       1.4307434       2.1972246        2.1972246       31168.117       31168.117
              3       14776.136       0.8011117       1.4550815       2.1972246        2.1972246       29547.878       29547.878
              1       14732.369      0.80279989       1.4556694       2.1972246        2.1972246       29460.343       29460.343
              2        14712.28      0.80163547       1.4567681       2.1972246        2.1972246       29420.165       29420.165
              5       13549.427      0.80345711       1.5024272       2.1972246        2.1972246       27094.459       27094.459
              1        13324.43      0.81315974       1.5127099       2.1972246        2.1972246       26644.466       26644.466
              1       13167.886       0.8563597       1.4983745       2.1972246        2.1972246       26331.377       26331.377
              1       12977.073      0.86281603       1.5178308       2.1972246        2.1972246       25949.752       25949.752
              7       12823.231      0.89970379       1.5151257       2.1972246        2.1972246       25642.067       25642.067
              1       12796.902      0.92253222        1.524497       2.1972246        2.1972246        25589.41        25589.41
              3       12736.456      0.94268477       1.5199351       2.1972246        2.1972246       25468.517       25468.517
              6       12722.996      0.93790645       1.5168514       2.1972246        2.1972246       25441.598       25441.598
              1       12673.036      0.95326558       1.5128656       2.1972246        2.1972246       25341.678       25341.678
              3        12580.41      0.97632398       1.5033967       2.1972246        2.1972246       25156.425       25156.425
              1       12541.514      0.99602044       1.5019339       2.1972246        2.1972246       25078.634       25078.634
              1       12501.008      0.99575665       1.4772605       2.1972246        2.1972246       24997.621       24997.621
              4       12444.123       1.0097739       1.4771107       2.1972246        2.1972246       24883.852       24883.852
              2       12393.831       1.0389006       1.4873408       2.1972246        2.1972246       24783.268       24783.268
              3       12344.673       1.0451928       1.4614973       2.1972246        2.1972246       24684.952       24684.952
              2       12297.821       1.0791955       1.4787218       2.1972246        2.1972246       24591.248       24591.248
              1       12220.815       1.0810023         1.46228       2.1972246        2.1972246       24437.235       24437.235
              2       12181.901       1.1154079       1.4660608       2.1972246        2.1972246       24359.408       24359.408
              3       12182.664       1.1147525       1.4661137       2.1972246        2.1972246       24360.934       24360.934
             11       12114.914       1.1234484       1.4555416       2.1972246        2.1972246       24225.433       24225.433
              6       12029.584       1.1668196        1.448212       2.1972246        2.1972246       24054.774       24054.774
              1       12019.044       1.2015064       1.4466015       2.1972246        2.1972246       24033.694       24033.694
             63       11896.336        1.203234       1.4275129       2.1972246        2.1972246       23788.278       23788.278
              2        11820.78        1.255049       1.4213584       2.1972246        2.1972246       23637.166       23637.166
              8       11766.202       1.2638227       1.4118893       2.1972246        2.1972246       23528.009       23528.009
              2       11664.629       1.4234632       1.3203275       2.1972246        2.1972246       23324.864       23324.864
              5       11449.162       1.4305838       1.3449752       2.1972246        2.1972246        22893.93        22893.93
              7       11429.947       1.4398165       1.3462709       2.1972246        2.1972246         22855.5         22855.5
              2       11407.611       1.4634439       1.3471696       2.1972246        2.1972246       22810.828       22810.828
              5       11335.052        1.520492       1.3156804       2.1972246        2.1972246       22665.709       22665.709
              9       11246.384       1.6264011        1.295235       2.1972246        2.1972246       22488.374       22488.374
             16        11200.01       1.7216388       1.2627348       2.1972246        2.1972246       22395.625       22395.625
             11       11197.939       1.7134159       1.2631533       2.1972246        2.1972246       22391.484       22391.484
             16       11198.172        1.713578       1.2632963       2.1972246        2.1972246        22391.95        22391.95
             26       11197.095        1.712629       1.2576607       2.1972246        2.1972246       22389.796       22389.796
             10       11195.423       1.7151747       1.2582393       2.1972246        2.1972246       22386.451       22386.451
             11       11190.505       1.7579217       1.2488607       2.1972246        2.1972246       22376.616       22376.616
             36       11188.821       1.7551066       1.2446872       2.1972246        2.1972246       22373.247       22373.247
            163        11188.06       1.7580962       1.2449724       2.1972246        2.1972246       22371.725       22371.725
             34       11188.366       1.7564068       1.2449032       2.1972246        2.1972246       22372.337       22372.337
             62       11188.182       1.7591848       1.2460542       2.1972246        2.1972246        22371.97        22371.97
            103       11188.324       1.7624856       1.2456008       2.1972246        2.1972246       22372.254       22372.254
             92       11188.504       1.7646761       1.2411534       2.1972246        2.1972246       22372.614       22372.614
             38       11188.474       1.7776708       1.2412707       2.1972246        2.1972246       22372.554       22372.554
             31       11189.604       1.7769967       1.2424799       2.1972246        2.1972246       22374.814       22374.814
            210       11187.621        1.769283       1.2408488       2.1972246        2.1972246       22370.848       22370.848
             28       11188.411       1.7734276       1.2425868       2.1972246        2.1972246       22372.428       22372.428
            540       11187.622        1.771754       1.2419117       2.1972246        2.1972246       22370.849       22370.849
            111       11187.591       1.7663417       1.2430407       2.1972246        2.1972246       22370.787       22370.787
             16       11188.583       1.7660661       1.2449734       2.1972246        2.1972246       22372.772       22372.772
             90       11188.279       1.7562108       1.2452625       2.1972246        2.1972246       22372.164       22372.164
            259       11187.723       1.7635139       1.2431864       2.1972246        2.1972246       22371.052       22371.052
              1       11187.825       1.7895472       1.2350662       2.1972246        2.1972246       22371.255       22371.255
             64       11187.837        1.789687       1.2352143       2.1972246        2.1972246       22371.279       22371.279
             30       11187.624       1.7660774       1.2432536       2.1972246        2.1972246       22370.854       22370.854
            286       11187.576       1.7661013       1.2428926       2.1972246        2.1972246       22370.759       22370.759
             87       11187.506       1.7679637        1.242203       2.1972246        2.1972246       22370.618       22370.618
            302       11187.561       1.7688737       1.2424818       2.1972246        2.1972246       22370.727       22370.727
             65       11187.588       1.7736715        1.241259       2.1972246        2.1972246       22370.782       22370.782
            132       11187.661       1.7764662       1.2405243       2.1972246        2.1972246       22370.927       22370.927
            115       11188.882       1.7970389       1.2311594       2.1972246        2.1972246       22373.369       22373.369
             14       11190.336       1.8048732       1.2278531       2.1972246        2.1972246       22376.277       22376.277
             33       11191.143        1.811875       1.2257878       2.1972246        2.1972246       22377.891       22377.891
            276       11190.909       1.8122818       1.2260456       2.1972246        2.1972246       22377.423       22377.423
             95       11188.777       1.7969182       1.2313565       2.1972246        2.1972246       22373.159       22373.159
             48       11188.741       1.7969351       1.2314203       2.1972246        2.1972246       22373.087       22373.087
             92       11188.323       1.7944278       1.2326857       2.1972246        2.1972246       22372.251       22372.251
             13       11189.883       1.7775699       1.2355397       2.1972246        2.1972246       22375.372       22375.372
             22       11187.899        1.785568       1.2352389       2.1972246        2.1972246       22371.404       22371.404
            203       11187.951       1.7903143       1.2354882       2.1972246        2.1972246       22371.507       22371.507
             52       11187.867        1.790144       1.2350824       2.1972246        2.1972246       22371.339       22371.339
              6        11187.86       1.7900415       1.2348132       2.1972246        2.1972246       22371.325       22371.325
             23       11189.261       1.7714365       1.2380205       2.1972246        2.1972246       22374.127       22374.127
            124       11187.696       1.7752601       1.2385468       2.1972246        2.1972246       22370.997       22370.997
             31       11187.576       1.7771777       1.2382098       2.1972246        2.1972246       22370.757       22370.757
             74        11187.92       1.7694426        1.240171       2.1972246        2.1972246       22371.446       22371.446
             20       11188.037       1.7656615       1.2414174       2.1972246        2.1972246       22371.679       22371.679
             53       11187.428       1.7760976       1.2399333       2.1972246        2.1972246       22370.461       22370.461
             20       11187.942       1.7749735        1.238223       2.1972246        2.1972246       22371.489       22371.489
            118       11187.828        1.773197       1.2389952       2.1972246        2.1972246       22371.261       22371.261
             84       11188.896       1.7732945       1.2377077       2.1972246        2.1972246       22373.398       22373.398
            115       11188.042       1.7728748       1.2387801       2.1972246        2.1972246        22371.69        22371.69
             26       11187.408        1.772276       1.2407298       2.1972246        2.1972246       22370.422       22370.422
             22        11187.43       1.7732022       1.2408346       2.1972246        2.1972246       22370.465       22370.465
            278       11188.309       1.7853165       1.2383506       2.1972246        2.1972246       22372.224       22372.224
             95       11187.979       1.7766343        1.237633       2.1972246        2.1972246       22371.564       22371.564
              1       11187.563       1.7774432       1.2381636       2.1972246        2.1972246       22370.731       22370.731
            158       11187.976       1.7764521       1.2410687       2.1972246        2.1972246       22371.557       22371.557
              2       11187.752       1.7757006       1.2409566       2.1972246        2.1972246       22371.109       22371.109
            237       11187.861       1.7769163       1.2407388       2.1972246        2.1972246       22371.327       22371.327
             86       11189.504       1.8064136       1.2292545       2.1972246        2.1972246       22374.613       22374.613
              7       11189.983       1.8081882       1.2301758       2.1972246        2.1972246       22375.571       22375.571
             30       11189.541       1.8067925       1.2297667       2.1972246        2.1972246       22374.687       22374.687
             18       11189.524       1.8064585       1.2291583       2.1972246        2.1972246       22374.653       22374.653
            121       11189.226       1.8040425       1.2298742       2.1972246        2.1972246       22374.057       22374.057
              1        11189.85       1.7967735        1.230092       2.1972246        2.1972246       22375.306       22375.306
            153       11189.212       1.7942481       1.2313272       2.1972246        2.1972246        22374.03        22374.03
             33       11188.246       1.7857141       1.2346244       2.1972246        2.1972246       22372.098       22372.098
              4       11188.874       1.7908729       1.2325228       2.1972246        2.1972246       22373.353       22373.353
             83       11189.096       1.7491092       1.2472294       2.1972246        2.1972246       22373.798       22373.798
             76       11190.193       1.7483068        1.246085       2.1972246        2.1972246       22375.991       22375.991
             53       11187.444       1.7703803         1.24148       2.1972246        2.1972246       22370.494       22370.494
            203       11187.598       1.7721516       1.2417372       2.1972246        2.1972246       22370.801       22370.801
            324       11187.874       1.7900169       1.2352865       2.1972246        2.1972246       22371.354       22371.354
            113       11187.846       1.7799959       1.2396433       2.1972246        2.1972246       22371.297       22371.297
              4       11187.872       1.7901774       1.2351148       2.1972246        2.1972246       22371.349       22371.349
            160       11187.678       1.7820779       1.2385194       2.1972246        2.1972246       22370.962       22370.962
            161       11189.049       1.7989875        1.233529       2.1972246        2.1972246       22373.704       22373.704
             27       11188.149       1.7826367       1.2355975       2.1972246        2.1972246       22371.904       22371.904
             34       11187.666       1.7856664       1.2359058       2.1972246        2.1972246       22370.937       22370.937
             53       11188.036       1.7903153       1.2357625       2.1972246        2.1972246       22371.678       22371.678
             48       11187.832       1.7867248       1.2369328       2.1972246        2.1972246       22371.269       22371.269
              4       11189.344       1.7986147       1.2341206       2.1972246        2.1972246       22374.294       22374.294
             87       11188.134       1.7935006       1.2334353       2.1972246        2.1972246       22371.873       22371.873
             43       11187.997       1.7921192       1.2343474       2.1972246        2.1972246         22371.6         22371.6
              1       11188.143       1.7925088       1.2349143       2.1972246        2.1972246       22371.892       22371.892
             17       11187.562       1.7813101       1.2371144       2.1972246        2.1972246        22370.73        22370.73
            136       11188.654       1.7823042       1.2351012       2.1972246        2.1972246       22372.913       22372.913
            522       11188.084       1.7930046         1.23367       2.1972246        2.1972246       22371.774       22371.774
            176       11187.486       1.7810546       1.2375171       2.1972246        2.1972246       22370.578       22370.578
             76       11187.434       1.7797931       1.2384153       2.1972246        2.1972246       22370.473       22370.473
            289       11187.571       1.7661671       1.2426557       2.1972246        2.1972246       22370.747       22370.747
            123       11187.919       1.7629375       1.2427935       2.1972246        2.1972246       22371.444       22371.444
             40       11188.522       1.7825317        1.239633       2.1972246        2.1972246        22372.65        22372.65
             64       11187.656       1.7860811        1.235952       2.1972246        2.1972246       22370.917       22370.917
             67       11187.676       1.7655118       1.2423172       2.1972246        2.1972246       22370.958       22370.958
            102       11187.851       1.7618551       1.2447116       2.1972246        2.1972246       22371.307       22371.307
             72       11188.247       1.7580261       1.2463848       2.1972246        2.1972246       22372.099       22372.099
            195       11189.909       1.7460912       1.2510539       2.1972246        2.1972246       22375.423       22375.423
              6       11194.663       1.7196069       1.2561719       2.1972246        2.1972246       22384.932       22384.932
             37       11195.291       1.7235565       1.2597517       2.1972246        2.1972246       22386.187       22386.187
             50       11193.473       1.7497404       1.2432913       2.1972246        2.1972246       22382.552       22382.552
             33       11192.454       1.7559791       1.2414818       2.1972246        2.1972246       22380.514       22380.514
             75       11187.928        1.762513       1.2448611       2.1972246        2.1972246       22371.461       22371.461
            195       11187.867       1.7882811       1.2362877       2.1972246        2.1972246       22371.339       22371.339
            143       11187.552        1.773812        1.239361       2.1972246        2.1972246        22370.71        22370.71
            135       11187.698       1.7692533       1.2406673       2.1972246        2.1972246       22371.001       22371.001
             48       11189.147       1.7754062       1.2426442       2.1972246        2.1972246       22373.899       22373.899
            136       11187.532       1.7801313       1.2388624       2.1972246        2.1972246       22370.669       22370.669
             28       11187.551       1.7697923       1.2408649       2.1972246        2.1972246       22370.707       22370.707
             18       11187.536       1.7697158       1.2409503       2.1972246        2.1972246       22370.678       22370.678
             62       11187.803       1.7753604       1.2411588       2.1972246        2.1972246       22371.212       22371.212
            116        11187.63        1.775828       1.2406706       2.1972246        2.1972246       22370.866       22370.866
            248       11187.677       1.7853542       1.2370813       2.1972246        2.1972246        22370.96        22370.96
            335       11187.584       1.7815132       1.2369915       2.1972246        2.1972246       22370.774       22370.774
             70       11187.477       1.7815731       1.2378693       2.1972246        2.1972246       22370.559       22370.559
             29       11190.331       1.7450074        1.247443       2.1972246        2.1972246       22376.267       22376.267
            153         11189.1         1.74986       1.2467964       2.1972246        2.1972246       22373.806       22373.806
            195       11188.801         1.74978       1.2481477       2.1972246        2.1972246       22373.208       22373.208
            154       11190.458       1.7838587       1.2407316       2.1972246        2.1972246       22376.522       22376.522
             10       11190.464       1.7835765        1.240834       2.1972246        2.1972246       22376.535       22376.535
             74       11188.554        1.777583       1.2413832       2.1972246        2.1972246       22372.714       22372.714
            222       11187.452       1.7717998       1.2413226       2.1972246        2.1972246        22370.51        22370.51
              3       11187.457       1.7719784       1.2413058       2.1972246        2.1972246        22370.52        22370.52
            151       11187.425       1.7781571        1.239137       2.1972246        2.1972246       22370.455       22370.455
            328       11187.462        1.773715       1.2408507       2.1972246        2.1972246        22370.53        22370.53
            263       11188.064       1.7725835       1.2424315       2.1972246        2.1972246       22371.734       22371.734
             19       11187.938       1.7753236        1.241384       2.1972246        2.1972246       22371.481       22371.481
            127       11187.926        1.764114       1.2445304       2.1972246        2.1972246       22371.457       22371.457
             40       11188.897         1.76896       1.2444449       2.1972246        2.1972246       22373.399       22373.399
             43       11187.683       1.7829625       1.2381717       2.1972246        2.1972246       22370.971       22370.971
            116       11188.777       1.7873849         1.23811       2.1972246        2.1972246       22373.159       22373.159
             88       11187.583       1.7746045       1.2390118       2.1972246        2.1972246       22370.772       22370.772
             72       11187.736       1.7826066       1.2363145       2.1972246        2.1972246       22371.077       22371.077
             71       11187.984       1.7654882       1.2443174       2.1972246        2.1972246       22371.573       22371.573
             10       11189.192        1.749383       1.2468764       2.1972246        2.1972246        22373.99        22373.99
             19       11189.418       1.7602089       1.2419295       2.1972246        2.1972246       22374.441       22374.441
            360       11189.302       1.8048684       1.2305083       2.1972246        2.1972246        22374.21        22374.21
             69       11188.855       1.8006971       1.2308774       2.1972246        2.1972246       22373.315       22373.315
            149       11188.939       1.8019175       1.2307523       2.1972246        2.1972246       22373.483       22373.483
            121       11188.797       1.7603381       1.2467372       2.1972246        2.1972246       22373.199       22373.199
             72       11189.264       1.7586812       1.2476481       2.1972246        2.1972246       22374.134       22374.134
             29        11189.96       1.7478607       1.2508091       2.1972246        2.1972246       22375.525       22375.525
            365       11190.081       1.7484873       1.2508163       2.1972246        2.1972246       22375.768       22375.768
             31       11189.752       1.7556783       1.2488578       2.1972246        2.1972246       22375.109       22375.109
            253       11188.727       1.7508781       1.2481706       2.1972246        2.1972246        22373.06        22373.06
            228       11187.746       1.7711195       1.2423625       2.1972246        2.1972246       22371.097       22371.097
             47        11187.52       1.7705665       1.2419325       2.1972246        2.1972246       22370.646       22370.646
             36       11187.815       1.7662313       1.2438048       2.1972246        2.1972246       22371.236       22371.236
             41       11187.995       1.7599099       1.2440884       2.1972246        2.1972246       22371.596       22371.596
              6       11188.324       1.7887877       1.2337392       2.1972246        2.1972246       22372.254       22372.254
             45       11189.169       1.7615439       1.2468078       2.1972246        2.1972246       22373.944       22373.944
             58        11189.32       1.7831016       1.2401766       2.1972246        2.1972246       22374.246       22374.246
             16       11188.734       1.7787016       1.2361143       2.1972246        2.1972246       22373.073       22373.073
             62       11187.501       1.7762311       1.2387174       2.1972246        2.1972246       22370.608       22370.608
             34       11187.473       1.7746373       1.2406139       2.1972246        2.1972246       22370.552       22370.552
            117       11187.615        1.769663       1.2407143       2.1972246        2.1972246       22370.837       22370.837
              8       11187.567       1.7698783       1.2422692       2.1972246        2.1972246       22370.741       22370.741
            132       11190.318       1.7951702       1.2364665       2.1972246        2.1972246       22376.241       22376.241
             81       11188.188       1.7683412       1.2438565       2.1972246        2.1972246       22371.982       22371.982
              4       11188.185       1.7696418        1.243477       2.1972246        2.1972246       22371.977       22371.977
             69       11188.862       1.7698323       1.2441503       2.1972246        2.1972246        22373.33        22373.33
             27       11190.446       1.7612519       1.2478944       2.1972246        2.1972246       22376.498       22376.498
             48       11189.876       1.7524877       1.2445978       2.1972246        2.1972246       22375.358       22375.358
             31       11192.037        1.768482       1.2466677       2.1972246        2.1972246       22379.679       22379.679
             41       11190.567         1.75533       1.2495969       2.1972246        2.1972246       22376.739       22376.739
             54       11191.475       1.8124328       1.2299873       2.1972246        2.1972246       22378.555       22378.555
              6       11190.764       1.7940587       1.2300787       2.1972246        2.1972246       22377.135       22377.135
             44       11190.444       1.8077604        1.231138       2.1972246        2.1972246       22376.493       22376.493
             38       11187.504       1.7824532       1.2372505       2.1972246        2.1972246       22370.613       22370.613
              8       11188.082       1.7654916       1.2414113       2.1972246        2.1972246        22371.77        22371.77
             23        11188.15       1.7647169       1.2416098       2.1972246        2.1972246       22371.907       22371.907
             41       11188.161       1.7577527        1.246174       2.1972246        2.1972246       22371.927       22371.927
             44       11187.841       1.7650302       1.2420547       2.1972246        2.1972246       22371.287       22371.287
             82        11188.03       1.7815037       1.2360883       2.1972246        2.1972246       22371.666       22371.666
             19        11188.54       1.7701537       1.2391233       2.1972246        2.1972246       22372.686       22372.686
             69       11188.477       1.7535126       1.2473763       2.1972246        2.1972246       22372.559       22372.559
              2       11188.512       1.7531882       1.2475032       2.1972246        2.1972246        22372.63        22372.63
             39       11188.505        1.753775       1.2474926       2.1972246        2.1972246       22372.616       22372.616
             51       11189.094       1.7661882         1.24544       2.1972246        2.1972246       22373.793       22373.793
             22       11187.661       1.7649067       1.2435641       2.1972246        2.1972246       22370.927       22370.927
             19       11188.215       1.7739371          1.2422       2.1972246        2.1972246       22372.036       22372.036
              8       11189.444       1.7732243       1.2435829       2.1972246        2.1972246       22374.493       22374.493
            235       11188.782       1.7941382       1.2353753       2.1972246        2.1972246       22373.169       22373.169
             15       11187.588       1.7721007       1.2398692       2.1972246        2.1972246       22370.782       22370.782
            114       11187.676       1.7672426       1.2432228       2.1972246        2.1972246       22370.959       22370.959
            149        11188.58       1.7721147       1.2431766       2.1972246        2.1972246       22372.767       22372.767
            172       11188.506       1.7732055       1.2427577       2.1972246        2.1972246       22372.617       22372.617
             14       11190.033       1.7776114       1.2425796       2.1972246        2.1972246       22375.672       22375.672
              6       11189.224       1.7541245       1.2445897       2.1972246        2.1972246       22374.053       22374.053
             22        11188.09        1.787396       1.2344482       2.1972246        2.1972246       22371.785       22371.785
            100       11188.495       1.7747336       1.2376207       2.1972246        2.1972246       22372.596       22372.596
             11       11187.834       1.7768356       1.2407228       2.1972246        2.1972246       22371.274       22371.274
            163       11187.462       1.7811727         1.23782       2.1972246        2.1972246       22370.529       22370.529
             25       11188.178       1.7704478       1.2394394       2.1972246        2.1972246       22371.962       22371.962
             19       11187.825       1.7639666       1.2443172       2.1972246        2.1972246       22371.255       22371.255
             20       11187.849       1.7629282       1.2445702       2.1972246        2.1972246       22371.304       22371.304
             36       11187.988       1.7658521       1.2414246       2.1972246        2.1972246       22371.582       22371.582
             25       11187.414       1.7720758       1.2409344       2.1972246        2.1972246       22370.434       22370.434
            140       11187.857       1.7711445        1.242556       2.1972246        2.1972246       22371.319       22371.319
             69       11188.336       1.7808872       1.2400092       2.1972246        2.1972246       22372.278       22372.278
             17        11188.36       1.7630412       1.2419712       2.1972246        2.1972246       22372.325       22372.325
             93       11188.356       1.7667501        1.240554       2.1972246        2.1972246       22372.317       22372.317
             23       11191.554       1.7421198         1.24759       2.1972246        2.1972246       22378.714       22378.714
             57       11192.444       1.7352645       1.2499802       2.1972246        2.1972246       22380.493       22380.493
             54        11187.82       1.7695581       1.2429474       2.1972246        2.1972246       22371.246       22371.246
              7       11189.422       1.7446765       1.2498341       2.1972246        2.1972246        22374.45        22374.45
             13       11189.075       1.7474097        1.248724       2.1972246        2.1972246       22373.755       22373.755
             12       11188.863       1.7862668       1.2386197       2.1972246        2.1972246       22373.331       22373.331
             18       11187.415       1.7760916       1.2391429       2.1972246        2.1972246       22370.436       22370.436
              2       11187.419       1.7749309       1.2394883       2.1972246        2.1972246       22370.444       22370.444
             66       11187.419       1.7749312       1.2394885       2.1972246        2.1972246       22370.444       22370.444
             24       11187.413       1.7759474       1.2392019       2.1972246        2.1972246       22370.432       22370.432
             36       11187.488       1.7687247       1.2417241       2.1972246        2.1972246       22370.582       22370.582
              5       11188.813       1.7570785       1.2475301       2.1972246        2.1972246       22373.232       22373.232
             31       11188.595       1.7617574       1.2421764       2.1972246        2.1972246       22372.796       22372.796
             25       11188.866       1.7624632       1.2415962       2.1972246        2.1972246       22373.337       22373.337
             20       11188.311       1.7700178       1.2394272       2.1972246        2.1972246       22372.228       22372.228
             42        11188.81       1.7517159       1.2484468       2.1972246        2.1972246       22373.225       22373.225
             15       11189.041       1.7487386       1.2491661       2.1972246        2.1972246       22373.688       22373.688
             60       11188.899       1.7493987       1.2476441       2.1972246        2.1972246       22373.404       22373.404
             26        11188.23       1.7600988       1.2459854       2.1972246        2.1972246       22372.066       22372.066
             25       11188.893       1.7637278       1.2459467       2.1972246        2.1972246       22373.392       22373.392
             44       11189.104       1.7646448       1.2458912       2.1972246        2.1972246       22373.813       22373.813
             97         11188.6       1.7621596       1.2460449       2.1972246        2.1972246       22372.806       22372.806
            165       11188.194       1.7597177       1.2459872       2.1972246        2.1972246       22371.994       22371.994
             12       11188.381       1.7547274       1.2470492       2.1972246        2.1972246       22372.368       22372.368
              9       11188.616       1.7515262       1.2475973       2.1972246        2.1972246       22372.837       22372.837
              4       11189.521       1.8014879       1.2330151       2.1972246        2.1972246       22374.647       22374.647
             30       11187.703       1.7869943        1.235626       2.1972246        2.1972246       22371.012       22371.012
             12       11187.521       1.7830874       1.2373452       2.1972246        2.1972246       22370.647       22370.647
             38       11190.014       1.7650647       1.2464953       2.1972246        2.1972246       22375.634       22375.634
              7       11190.736       1.7777021       1.2349435       2.1972246        2.1972246       22377.077       22377.077
              4       11188.083       1.7650111          1.2416       2.1972246        2.1972246       22371.771       22371.771
              2       11187.602       1.7719172       1.2399003       2.1972246        2.1972246       22370.809       22370.809
              9         11187.5       1.7824702       1.2375352       2.1972246        2.1972246       22370.606       22370.606
              8       11187.393       1.7769162         1.23926       2.1972246        2.1972246       22370.392       22370.392
             17       11187.421       1.7714148       1.2410411       2.1972246        2.1972246       22370.448       22370.448
              2       11187.533       1.7817451       1.2371377       2.1972246        2.1972246       22370.671       22370.671
             15       11187.539       1.7820093       1.2370582       2.1972246        2.1972246       22370.683       22370.683
             12       11187.687        1.785693       1.2358051       2.1972246        2.1972246       22370.979       22370.979
              2       11187.952       1.7601547       1.2441146       2.1972246        2.1972246        22371.51        22371.51
             14       11188.677       1.7519637       1.2466131       2.1972246        2.1972246        22372.96        22372.96
              6       11187.918       1.7797668       1.2367648       2.1972246        2.1972246       22371.441       22371.441
              4       11188.807       1.7922533        1.232266       2.1972246        2.1972246       22373.219       22373.219
              1        11189.32       1.7978223       1.2304041       2.1972246        2.1972246       22374.246       22374.246
              3       11190.338       1.8011457       1.2286304       2.1972246        2.1972246       22376.281       22376.281
              1       11191.693       1.7308446       1.2545679       2.1972246        2.1972246       22378.992       22378.992
             21       11188.895       1.7796873       1.2409979       2.1972246        2.1972246       22373.396       22373.396
             11        11189.66       1.7960145       1.2355735       2.1972246        2.1972246       22374.926       22374.926
             11       11189.646       1.7671132       1.2456197       2.1972246        2.1972246       22374.897       22374.897
             33       11188.717       1.7751251       1.2423538       2.1972246        2.1972246       22373.039       22373.039
              2       11189.151       1.7756246       1.2425766       2.1972246        2.1972246       22373.908       22373.908
              3       11187.434       1.7761366       1.2399505       2.1972246        2.1972246       22370.473       22370.473
              9       11188.122       1.7726544       1.2387483       2.1972246        2.1972246       22371.849       22371.849
              4       11189.455       1.7917007       1.2371081       2.1972246        2.1972246       22374.516       22374.516
             12       11189.436       1.7881603       1.2384387       2.1972246        2.1972246       22374.477       22374.477
              7       11188.887       1.7834026       1.2345493       2.1972246        2.1972246       22373.379       22373.379
             20       11189.638       1.7506724       1.2456267       2.1972246        2.1972246       22374.881       22374.881
              2       11190.605       1.7508975       1.2446243       2.1972246        2.1972246       22376.816       22376.816
             15       11190.406       1.7525165       1.2441254       2.1972246        2.1972246       22376.418       22376.418
              5       11189.066       1.7756574       1.2367829       2.1972246        2.1972246       22373.737       22373.737
              4        11188.26       1.7748345       1.2378496       2.1972246        2.1972246       22372.125       22372.125
             25        11188.17       1.7827673       1.2355326       2.1972246        2.1972246       22371.945       22371.945
             12       11187.484       1.7688158       1.2420052       2.1972246        2.1972246       22370.573       22370.573
              8        11188.55       1.7900708       1.2331142       2.1972246        2.1972246       22372.705       22372.705
              5        11187.83        1.761698       1.2437403       2.1972246        2.1972246       22371.265       22371.265
              8       11189.704       1.8079006       1.2287959       2.1972246        2.1972246       22375.015       22375.015
              1       11187.894       1.7776909       1.2374293       2.1972246        2.1972246       22371.394       22371.394
             13       11188.314       1.7841943       1.2349447       2.1972246        2.1972246       22372.234       22372.234
             17       11188.271       1.7857518       1.2345802       2.1972246        2.1972246       22372.147       22372.147
              2       11188.273       1.7858296       1.2345573       2.1972246        2.1972246       22372.151       22372.151
             11       11188.961       1.7757006         1.24239       2.1972246        2.1972246       22373.528       22373.528
              9       11190.223       1.7490601       1.2508361       2.1972246        2.1972246       22376.052       22376.052
              6       11190.272        1.811788       1.2276364       2.1972246        2.1972246       22376.149       22376.149
              9        11188.04       1.7671009       1.2408551       2.1972246        2.1972246       22371.686       22371.686
              7       11187.968       1.7623305       1.2429536       2.1972246        2.1972246       22371.541       22371.541
              2       11187.853       1.7899561        1.235108       2.1972246        2.1972246       22371.311       22371.311
              5       11187.429       1.7724103         1.24103       2.1972246        2.1972246       22370.464       22370.464
             18       11187.479       1.7702446       1.2418166       2.1972246        2.1972246       22370.564       22370.564
             14       11187.522       1.7753033       1.2405645       2.1972246        2.1972246        22370.65        22370.65
              5       11187.573       1.7695053       1.2423794       2.1972246        2.1972246       22370.752       22370.752
             18       11188.631       1.7730276       1.2429413       2.1972246        2.1972246       22372.867       22372.867
              3       11189.283       1.7523623       1.2491253       2.1972246        2.1972246       22374.172       22374.172
             16       11187.864       1.7822293       1.2361553       2.1972246        2.1972246       22371.334       22371.334
              4       11187.526       1.7678128       1.2419172       2.1972246        2.1972246       22370.657       22370.657
             16       11189.384       1.7721865       1.2376686       2.1972246        2.1972246       22374.374       22374.374
              1       11189.389       1.7736219       1.2371866       2.1972246        2.1972246       22374.383       22374.383
              7       11189.928       1.7428353       1.2491841       2.1972246        2.1972246       22375.462       22375.462
              8       11188.403       1.7955082       1.2339918       2.1972246        2.1972246       22372.411       22372.411
             45       11187.753       1.7674559       1.2433668       2.1972246        2.1972246       22371.111       22371.111
              6        11187.78       1.7841659        1.237915       2.1972246        2.1972246       22371.165       22371.165
             32       11187.791       1.7821712       1.2363096       2.1972246        2.1972246       22371.188       22371.188
             23       11188.206       1.7879549       1.2341214       2.1972246        2.1972246       22372.017       22372.017
             59       11187.708       1.7874972       1.2358455       2.1972246        2.1972246       22371.022       22371.022
             15       11187.866       1.7605347       1.2444074       2.1972246        2.1972246       22371.338       22371.338
             10       11188.017       1.7920067        1.233948       2.1972246        2.1972246       22371.639       22371.639
              7       11189.067       1.7756019        1.242514       2.1972246        2.1972246        22373.74        22373.74
              7       11189.164       1.7812586       1.2406915       2.1972246        2.1972246       22373.933       22373.933
              2       11187.849       1.7846287       1.2378783       2.1972246        2.1972246       22371.304       22371.304
              4       11188.237       1.7576759       1.2464088       2.1972246        2.1972246        22372.08        22372.08
             10       11187.608       1.7827423       1.2366327       2.1972246        2.1972246       22370.822       22370.822
              8       11195.958       1.7239226       1.2601563       2.1972246        2.1972246       22387.521       22387.521
              1       11188.632       1.7931472       1.2355962       2.1972246        2.1972246       22372.869       22372.869
             12        11189.04       1.7669736       1.2451631       2.1972246        2.1972246       22373.685       22373.685
             11       11187.479       1.7688582        1.241912       2.1972246        2.1972246       22370.564       22370.564
              7       11188.826       1.7505867       1.2485347       2.1972246        2.1972246       22373.258       22373.258
             17       11187.814       1.7893547       1.2352653       2.1972246        2.1972246       22371.233       22371.233
              1       11188.309       1.7561594        1.246763       2.1972246        2.1972246       22372.224       22372.224
             11       11188.421       1.7866338        1.237988       2.1972246        2.1972246       22372.448       22372.448
              3       11188.579       1.7875317        1.237833       2.1972246        2.1972246       22372.764       22372.764
             14        11189.22       1.7812751       1.2407328       2.1972246        2.1972246       22374.046       22374.046
